"(Intercept)" "stageNREM" "stageIS" "stageREM"
"0.1" 1.86409223015723 1.9583944637912 1.9071815596899 2.1499253241741
"0.2" 1.85964910282997 1.95395133646393 1.90273843236263 2.14548219684683
"0.3" 1.86173616412936 1.95603839776333 1.90482549366203 2.14756925814623
"105" 1.86621801090095 1.96052024453492 1.90930734043361 2.15205110491782
"109" 1.85837122697675 1.95267346061072 1.90146055650941 2.14420432099362
"44.1" 1.86264354328994 1.95694577692391 1.90573287282261 2.14847663730681
"44.2" 1.85871274644572 1.95301498007969 1.90180207597839 2.14454584046259
"44.3" 1.86255609932423 1.9568583329582 1.9056454288569 2.1483891933411
"45" 1.86818280895974 1.96248504259371 1.9112721384924 2.15401590297661
"47" 1.86339081766885 1.95769305130282 1.90648014720152 2.14922391168572
"48" 1.86927454367069 1.96357677730466 1.91236387320336 2.15510763768756
"49" 1.86096649387384 1.95526872750781 1.90405582340651 2.14679958789071
"54" 1.86668580965516 1.96098804328912 1.90977513918782 2.15251890367202
"63" 1.86529174173144 1.95959397536541 1.9083810712641 2.1511248357483
"64.1" 1.85414490616409 1.94844713979805 1.89723423569675 2.13997800018095
"64.2" 1.85789780240036 1.95220003603433 1.90098713193303 2.14373089641723
"65" 1.86165484078041 1.95595707441438 1.90474417031308 2.14748793479728
"66" 1.86214478271478 1.95644701634874 1.90523411224744 2.14797787673164
"73" 1.8672319894864 1.96153422312036 1.91032131901906 2.15306508350326
"74" 1.86314186929017 1.95744410292414 1.90623119882284 2.14897496330704
"76" 1.86082830244107 1.95513053607504 1.90391763197373 2.14666139645793
"89" 1.86533918316795 1.95964141680192 1.90842851270061 2.15117227718482
"92" 1.86363106665069 1.95793330028466 1.90672039618335 2.14946416066756
"93" 1.86040678080156 1.95470901443553 1.90349611033423 2.14623987481843
"94" 1.86306124534185 1.95736347897582 1.90615057487452 2.14889433935872
