"(Intercept)" "stageNREM" "stageIS" "stageREM"
"0.1" -0.819904428033059 -0.308483145373408 -0.498472765092196 -1.67640664110247
"0.2" -1.3681601584673 -0.697894484469735 -0.887884104188523 -2.0658179801988
"0.3" -1.68927061362364 -0.723244925419987 -0.913234545138774 -2.09116842114905
"105" -1.24314459258457 -0.402716288591579 -0.592705908310367 -1.77063978432064
"109" -1.4016825234488 -0.725051299357036 -0.915040919075824 -2.0929747950861
"44.1" -0.556242245180333 0.129725219662848 -0.0602644000559396 -1.23819827606621
"44.2" -0.279476007313023 -0.309409562867745 -0.499399182586532 -1.67733305859681
"44.3" -1.73210101292921 -1.05501173298848 -1.24500135270727 -2.42293522871755
"45" -0.646480339745568 0.122158727362893 -0.0678308923558947 -1.24576476836617
"47" -1.15193769379205 -0.77339235631235 -0.963381976031138 -2.14131585204141
"48" -0.942321491018912 -0.301452988315713 -0.491442608034501 -1.66937648404478
"49" -1.56326462486265 -0.994930171026736 -1.18491979074552 -2.3628536667558
"54" -1.66277908205382 -1.10606918142977 -1.29605880114856 -2.47399267715883
"63" -2.48784129369608 -2.25528338407946 -2.44527300379824 -3.62320687980852
"64.1" -0.675189158309146 -0.704211489715688 -0.894201109434476 -2.07213498544475
"64.2" -1.23768467581771 -0.63131834652156 -0.821307966240348 -1.99924184225062
"65" -0.454196498353032 -0.401816530625173 -0.591806150343961 -1.76974002635424
"66" -1.41497914739273 -0.946037138548141 -1.13602675826693 -2.3139606342772
"73" -1.88657044396416 -0.594737343944058 -0.784726963662845 -1.96266083967312
"74" -0.925098516649048 -0.447764984700482 -0.63775460441927 -1.81568848042954
"76" -2.85001076575389 -2.0809505020165 -2.27094012173529 -3.44887399774556
"89" -2.27913607907822 -1.81540430019852 -2.00539391991731 -3.18332779592759
"92" -2.17939732986117 -1.91453031834465 -2.10451993806344 -3.28245381407371
"93" -1.92157705963992 -0.775476972272496 -0.965466591991284 -2.14340046800156
"94" -1.48496029689838 -0.437837665157021 -0.627827284875808 -1.80576116088608
