"(Intercept)" "stageNREM" "stageIS" "stageREM"
"0.1" 1.46157736116634 1.53422050577829 1.53499694886744 1.63752769184792
"0.2" 1.49357559010365 1.56621873471559 1.56699517780475 1.66952592078523
"0.3" 1.49027222654091 1.56291537115285 1.56369181424201 1.66622255722249
"105" 1.48477174549375 1.55741489010569 1.55819133319485 1.66072207617533
"109" 1.47177279827282 1.54441594288477 1.54519238597392 1.6477231289544
"44.1" 1.45100483369831 1.52364797831025 1.52442442139941 1.62695516437988
"44.2" 1.47967313712533 1.55231628173727 1.55309272482642 1.6556234678069
"44.3" 1.47320678443824 1.54584992905018 1.54662637213934 1.64915711511982
"45" 1.48754865494049 1.56019179955243 1.56096824264159 1.66349898562207
"47" 1.5174003480934 1.59004349270535 1.5908199357945 1.69335067877498
"48" 1.49679900811435 1.56944215272629 1.57021859581545 1.67274933879592
"49" 1.51616666124149 1.58880980585343 1.58958624894258 1.69211699192306
"54" 1.52218439930947 1.59482754392141 1.59560398701057 1.69813472999104
"63" 1.47659389815926 1.5492370427712 1.55001348586036 1.65254422884084
"64.1" 1.43308423672025 1.5057273813322 1.50650382442135 1.60903456740183
"64.2" 1.47507030237573 1.54771344698767 1.54848989007683 1.6510206330573
"65" 1.5159236122105 1.58856675682244 1.5893431999116 1.69187394289208
"66" 1.49391114446359 1.56655428907553 1.56733073216469 1.66986147514517
"73" 1.48425250942527 1.55689565403721 1.55767209712637 1.66020284010685
"74" 1.48319851402817 1.55584165864011 1.55661810172927 1.65914884470975
"76" 1.51407073822303 1.58671388283497 1.58749032592413 1.69002106890461
"89" 1.47993227431317 1.55257541892511 1.55335186201427 1.65588260499475
"92" 1.51592718166069 1.58857032627263 1.58934676936179 1.69187751234226
"93" 1.49572367277334 1.56836681738528 1.56914326047444 1.67167400345492
"94" 1.45130266514602 1.52394580975797 1.52472225284712 1.6272529958276
