"(Intercept)" "stageNREM" "stageIS" "stageREM"
"0.1" -2.61588192311585 -2.65187895882391 -2.71470369834266 -2.93737495636942
"0.2" -3.6798548479275 -3.54535608627263 -3.60818082579138 -3.83085208381814
"0.3" -3.32609527412834 -3.38147669564239 -3.44430143516114 -3.6669726931879
"105" -2.86471140256941 -2.72939149587468 -2.79221623539343 -3.01488749342019
"109" -3.45676165792206 -3.17424260842979 -3.23706734794854 -3.4597386059753
"44.1" -2.28518896387679 -2.05029361865749 -2.11311835817624 -2.335789616203
"44.2" -2.19856674560332 -2.23425205349284 -2.29707679301159 -2.51974805103836
"44.3" -2.63694254220842 -2.65620556198597 -2.71903030150473 -2.94170155953149
"45" -2.27673805761036 -2.06991990356373 -2.13274464308248 -2.35541590110925
"47" -2.86910458671057 -2.85362254717689 -2.91644728669565 -3.13911854472241
"48" -2.75295573345195 -2.60760485876045 -2.6704295982792 -2.89310085630596
"49" -3.25255427025571 -3.20284141297871 -3.26566615249746 -3.48833741052423
"54" -3.34798313805766 -3.31653820401974 -3.37936294353849 -3.60203420156525
"63" -3.5153453557333 -3.59817238172085 -3.6609971212396 -3.88366837926636
"64.1" -2.88974290436391 -2.8663499048442 -2.92917464436295 -3.15184590238972
"64.2" -2.61867864089459 -2.44762313744551 -2.51044787696427 -2.73311913499103
"65" -2.95514039297667 -2.95408580980936 -3.01691054932811 -3.23958180735487
"66" -3.09280167050458 -3.09255790285119 -3.15538264236994 -3.3780539003967
"73" -3.01149741450123 -2.92886290410059 -2.99168764361935 -3.21435890164611
"74" -2.46240455699686 -2.76074395153105 -2.8235686910498 -3.04623994907656
"76" -3.34017280193694 -3.08228678693088 -3.14511152644963 -3.36778278447639
"89" -2.34805785877665 -2.28107443497779 -2.34389917449654 -2.5665704325233
"92" -2.8878596488945 -2.0369080382542 -2.09973277777295 -2.32240403579971
"93" -3.67348034167229 -3.24367002354771 -3.30649476306647 -3.52916602109323
"94" -2.74654912945305 -2.52488321731816 -2.58770795683691 -2.81037921486368
