"(Intercept)" "stageNREM" "stageIS" "stageREM"
"0.1" 0.700383956804038 0.673959597722342 0.604019663992008 0.380338193409129
"0.2" 0.394086421134347 0.429356389384424 0.359416455654091 0.135734985071212
"0.3" 0.186906708343503 0.246801974187883 0.176862040457549 -0.0468194301253298
"105" 1.01069918632098 0.95168326502989 0.881743331299556 0.658061860716677
"109" 0.853250150313386 0.912602608555814 0.84266267482548 0.618981204242601
"44.1" 1.53148549809632 1.49811765005924 1.4281777163289 1.20449624574602
"44.2" 1.44567688915375 1.38637266162794 1.3164327278976 1.09275125731472
"44.3" 1.12612313006326 1.2920057038936 1.22206577016327 0.998384299580387
"45" 1.77884340768377 1.75733572107047 1.68739578734014 1.46371431675726
"47" 1.12675956977208 1.08352897063549 1.01358903690516 0.789907566322279
"48" 1.93773234109871 1.88610090778513 1.81616097405479 1.59247950347192
"49" 1.65148551236596 1.61272283965135 1.54278290592102 1.31910143533814
"54" 1.19587954037181 1.17759948472938 1.10765955099905 0.883978080416167
"63" 0.51249267743076 0.492811391261745 0.422871457531412 0.199189986948533
"64.1" 1.3495927266237 1.29674925005322 1.22680931632289 1.00312784574001
"64.2" 1.25939900680037 1.23826331495591 1.16832338122558 0.944641910642699
"65" 1.13269474906425 1.1199003367485 1.04996040301816 0.826278932435285
"66" 1.56097677833427 1.52506230892879 1.45512237519846 1.23144090461558
"73" 1.48273480032066 1.46529895944443 1.39535902571409 1.17167755513122
"74" 1.25222855278561 1.14325962253231 1.07331968880197 0.849638218219095
"76" 0.231620284315139 0.250890477890841 0.180950544160507 -0.0427309264223719
"89" 1.36900620494054 1.31168219194336 1.24174225821303 1.01806078763015
"92" 0.64551669916925 0.710125880588255 0.640185946857922 0.416504476275043
"93" 1.24080934960954 1.20155573004239 1.13161579631205 0.907934325729174
"94" 1.46357049781157 1.38468478352503 1.3147448497947 1.09106337921182
