"(Intercept)" "stageNREM" "stageIS" "stageREM"
"0.1" -2.32802405367786 -1.88950484432024 -2.27137003775705 -2.90778915443718
"0.2" -2.27966072138176 -1.77235402160906 -2.15421921504588 -2.79063833172601
"0.3" -2.66923284032543 -2.30318493163852 -2.68505012507534 -3.32146924175546
"105" -1.2911033800337 -0.524936771609609 -0.906801965046427 -1.54322108172655
"109" -1.45993243311234 -0.728837713286139 -1.11070290672296 -1.74712202340308
"44.1" -1.45951940150933 -0.736897607570364 -1.11876280100718 -1.75518191768731
"44.2" -1.88930301591138 -1.31950906375249 -1.7013742571893 -2.33779337386943
"44.3" -2.25819771164467 -1.77723510419382 -2.15910029763063 -2.79551941431076
"45" -0.713099094215753 0.266785661648568 -0.11507953178825 -0.751498648468374
"47" -1.60945218673321 -0.931352421746916 -1.31321761518373 -1.94963673186386
"48" -0.890432765908448 0.00238346487799835 -0.379481728558819 -1.01590084523894
"49" -1.73096310335819 -1.08952087871833 -1.47138607215515 -2.10780518883527
"54" -1.19383825082234 -0.391760270437498 -0.773625463874315 -1.41004458055444
"63" -3.76117288712804 -3.72376663300703 -4.10563182644385 -4.74205094312398
"64.1" -1.48872574352914 -0.817088391691428 -1.19895358512825 -1.83537270180837
"64.2" -1.63518936510904 -0.96510447619562 -1.34696966963244 -1.98338878631256
"65" -0.935052995283365 -0.101166063042044 -0.483031256478862 -1.11945037315899
"66" -1.80993177075398 -1.19668998864507 -1.57855518208189 -2.21497429876201
"73" -1.0848292452226 -0.242547285739809 -0.624412479176626 -1.26083159585675
"74" -1.27048878973436 -0.490308498710114 -0.872173692146932 -1.50859280882706
"76" -2.96265802366216 -2.684919372171 -3.06678456560782 -3.70320368228794
"89" -2.16808007659843 -1.65609546303975 -2.03796065647656 -2.67437977315669
"92" -2.09724438894676 -1.53999443670315 -1.92185963013997 -2.55827874682009
"93" -1.61730275307944 -0.929222301504596 -1.31108749494141 -1.94750661162154
"94" -1.45907066431012 -0.719414700074009 -1.10127989351083 -1.73769901019095
