"(Intercept)" "stageNREM" "stageIS" "stageREM"
"0.1" -2.41832738142975 -2.35308194691217 -2.36714249057699 -2.53573869254988
"0.2" -2.33285913370021 -2.26761369918263 -2.28167424284745 -2.45027044482034
"0.3" -2.36830560454605 -2.30306017002847 -2.31712071369329 -2.48571691566618
"105" -2.21420940570444 -2.14896397118686 -2.16302451485168 -2.33162071682457
"109" -2.00948104919297 -1.94423561467539 -1.95829615834021 -2.1268923603131
"44.1" -2.44303996995952 -2.37779453544194 -2.39185507910676 -2.56045128107965
"44.2" -2.28529274891489 -2.2200473143973 -2.23410785806212 -2.40270406003501
"44.3" -2.21010091901466 -2.14485548449707 -2.15891602816189 -2.32751223013478
"45" -2.10858099608658 -2.04333556156899 -2.05739610523381 -2.22599230720671
"47" -2.41889556784439 -2.35365013332681 -2.36771067699163 -2.53630687896452
"48" -2.25807536229478 -2.1928299277772 -2.20689047144202 -2.37548667341491
"49" -2.3577047785503 -2.29245934403271 -2.30651988769753 -2.47511608967042
"54" -2.02698292912953 -1.96173749461194 -1.97579803827676 -2.14439424024966
"63" -2.17508432181766 -2.10983888730007 -2.12389943096489 -2.29249563293778
"64.1" -2.34796061182645 -2.28271517730886 -2.29677572097368 -2.46537192294657
"64.2" -2.42923945688306 -2.36399402236548 -2.3780545660303 -2.54665076800319
"65" -2.1984243631179 -2.13317892860031 -2.14723947226513 -2.31583567423802
"66" -2.21756542384068 -2.15231998932309 -2.16638053298791 -2.3349767349608
"73" -2.02157586007181 -1.95633042555423 -1.97039096921905 -2.13898717119194
"74" -1.98909328919192 -1.92384785467433 -1.93790839833915 -2.10650460031205
"76" -2.36681618358484 -2.30157074906726 -2.31563129273208 -2.48422749470497
"89" -2.33972390066392 -2.27447846614633 -2.28853900981115 -2.45713521178404
"92" -2.27538528566829 -2.21013985115071 -2.22420039481553 -2.39279659678842
"93" -2.16926337387988 -2.10401793936229 -2.11807848302711 -2.286674685
"94" -2.14883575684348 -2.08359032232589 -2.09765086599071 -2.2662470679636
