"(Intercept)" "stageNREM" "stageIS" "stageREM"
"0.1" -0.926219145701706 -1.0280882165865 -1.03754907747088 -1.02124011075711
"0.2" -1.04244323439487 -1.04993393389873 -1.05939479478311 -1.04308582806935
"0.3" -0.894448072292842 -1.06073586342871 -1.07019672431309 -1.05388775759932
"105" -0.810163983962998 -0.947714212408109 -0.957175073292489 -0.940866106578727
"109" -1.09135785744355 -0.944502930903901 -0.953963791788281 -0.937654825074518
"44.1" -1.00893972435197 -1.06992811025566 -1.07938897114004 -1.06308000442627
"44.2" -0.884359164278245 -1.02987149551854 -1.03933235640292 -1.02302338968916
"44.3" -1.0349727240319 -1.03664189750573 -1.04610275839011 -1.02979379167635
"45" -1.08813926895683 -1.06884761489964 -1.07830847578402 -1.06199950907026
"47" -0.968940842364244 -0.993897254615712 -1.00335811550009 -0.98704914878633
"48" -1.00453708993467 -0.871123164313454 -0.880584025197834 -0.864275058484071
"49" -1.00812922465909 -1.0333292623034 -1.04279012318778 -1.02648115647402
"54" -1.00771199178529 -1.01448873386958 -1.02394959475396 -1.00764062804019
"63" -0.99769125116767 -1.03906825183841 -1.04852911272279 -1.03222014600903
"64.1" -0.833578358267049 -0.969082693998677 -0.978543554883057 -0.962234588169294
"64.2" -1.00720211989092 -0.991465006530857 -1.00092586741524 -0.984616900701475
"65" -0.970759388559006 -0.990406571485336 -0.999867432369716 -0.983558465655954
"66" -1.07953856575948 -0.989191334586628 -0.998652195471008 -0.982343228757246
"73" -1.11791602617407 -0.952044491067409 -0.961505351951789 -0.945196385238026
"74" -1.14352517428871 -0.915304333175096 -0.924765194059476 -0.908456227345714
"76" -1.01188367903855 -1.05313302405309 -1.06259388493747 -1.04628491822371
"89" -1.01527266746854 -1.08180849198447 -1.09126935286885 -1.07496038615509
"92" -1.15015271341078 -1.06845364687092 -1.0779145077553 -1.06160554104154
"93" -1.01245296536309 -0.991432632492968 -1.00089349337735 -0.984584526663585
"94" -1.07918221810662 -1.02360186180982 -1.0330627226942 -1.01675375598044
