"(Intercept)" "stageNREM" "stageIS" "stageREM"
"0.1" -2.0607585589501 -2.1758448700467 -2.2462618400639 -2.54618864027163
"0.2" -2.39100790303785 -2.34027583664603 -2.41069280666324 -2.71061960687096
"0.3" -2.26691708313485 -2.29265181201824 -2.36306878203544 -2.66299558224316
"105" -2.16155252598065 -2.06038104669792 -2.13079801671512 -2.43072481692284
"109" -2.35436479464529 -1.9881688949879 -2.05858586500511 -2.35851266521283
"44.1" -1.45524051989819 -1.39044429087608 -1.46086126089329 -1.76078806110101
"44.2" -1.30021650308408 -1.26557410576958 -1.33599107578678 -1.63591787599451
"44.3" -1.3695474147673 -1.36475223813441 -1.43516920815162 -1.73509600835934
"45" -0.618825807043599 -0.530841632728913 -0.601258602746119 -0.901185402953841
"47" -2.36021679892248 -2.36376509945822 -2.43418206947543 -2.73410886968315
"48" -1.66137895575477 -1.58548576300251 -1.65590273301971 -1.95582953322744
"49" -2.56103309335733 -2.43670919774669 -2.5071261677639 -2.80705296797162
"54" -1.56795045808311 -1.49708676235656 -1.56750373237376 -1.86743053258149
"63" -2.65446468787826 -2.55386766813211 -2.62428463814931 -2.92421143835703
"64.1" -2.40066900860514 -2.25439999171401 -2.32481696173121 -2.62474376193894
"64.2" -1.88926388739551 -1.80110306095058 -1.87152003096779 -2.17144683117551
"65" -2.10552501478878 -2.03563413574309 -2.10605110576029 -2.40597790596802
"66" -2.33125231764685 -2.2082847578481 -2.27870172786531 -2.57862852807303
"73" -1.86648591080347 -2.04260848035087 -2.11302545036808 -2.4129522505758
"74" -1.26196180164916 -1.61745122742396 -1.68786819744117 -1.98779499764889
"76" -2.72845335794658 -2.4405719033794 -2.51098887339661 -2.81091567360433
"89" -1.53108718341072 -1.49995839403474 -1.57037536405194 -1.87030216425967
"92" -2.19442118524508 -1.72556130039096 -1.79597827040816 -2.09590507061589
"93" -3.01932310449108 -2.57425305392107 -2.64467002393827 -2.944596824146
"94" -2.08537386627774 -1.78793759114019 -1.8583545611574 -2.15828136136512
