"(Intercept)" "stageNREM" "stageIS" "stageREM"
"0.1" -1.0384397434044 -0.245501761481536 -0.450912326532247 -0.969846914546075
"0.2" -1.63117043240854 -0.781602419640674 -0.987012984691384 -1.50594757270521
"0.3" -1.38025171360509 -0.639985378249912 -0.845395943300623 -1.36433053131445
"105" -0.932510645471463 -0.153104702983702 -0.358515268034413 -0.87744985604824
"109" -1.30745532973461 -0.499713401231218 -0.705123966281928 -1.22405855429576
"44.1" -0.945903931904724 -0.118303033681119 -0.323713598731829 -0.842648186745657
"44.2" -0.925138924777291 -0.18668845221592 -0.392099017266631 -0.911033605280459
"44.3" -1.67498862546377 -0.842526178065744 -1.04793674311646 -1.56687133113028
"45" -0.575155278015884 0.425260471435866 0.219849906385155 -0.299084681628673
"47" -1.34643688866268 -0.608086089782648 -0.813496654833358 -1.33243124284719
"48" -0.634292912818663 0.233027095070389 0.0276165300196787 -0.491318057994149
"49" -1.2572647097114 -0.46935102446086 -0.67476158951157 -1.1936961775254
"54" -1.22846122226163 -0.436876136429299 -0.64228670148001 -1.16122128949384
"63" -2.31720129710802 -1.6622344190728 -1.86764498412351 -2.38657957213734
"64.1" -1.15739871789307 -0.537345048852154 -0.742755613902865 -1.26169020191669
"64.2" -1.36001387883078 -0.585196988193778 -0.790607553244489 -1.30954214125832
"65" -0.582242509906546 0.14248778440631 -0.0629227806444008 -0.581857368658229
"66" -1.37633468198931 -0.665250462933693 -0.870661027984404 -1.38959561599823
"73" -1.02296628426846 -0.147399112134534 -0.352809677185245 -0.871744265199072
"74" -1.02279656179181 -0.195136771219503 -0.400547336270214 -0.919481924284042
"76" -2.45578298991676 -1.85423455192771 -2.05964511697842 -2.57857970499225
"89" -1.98175538699057 -1.30370399306951 -1.50911455812022 -2.02804914613404
"92" -2.22847495435027 -1.44749943913303 -1.65291000418374 -2.17184459219756
"93" -1.08641923122756 -0.246334175652881 -0.451744740703591 -0.970679328717419
"94" -1.36077181467966 -0.484684830849621 -0.690095395900332 -1.20902998391416
