"(Intercept)" "stageNREM" "stageIS" "stageREM"
"0.1" -0.861140688916589 -0.862567713492586 -0.87101206858608 -0.825272602542473
"0.2" -0.931638557200815 -0.933065581776812 -0.941509936870306 -0.895770470826699
"0.3" -0.974666266344219 -0.976093290920217 -0.984537646013711 -0.938798179970103
"105" -0.887852736503125 -0.889279761079122 -0.897724116172616 -0.851984650129009
"109" -0.948080009517127 -0.949507034093125 -0.957951389186619 -0.912211923143012
"44.1" -1.01724011067625 -1.01866713525225 -1.02711149034574 -0.981372024302138
"44.2" -0.952768836247527 -0.954195860823525 -0.962640215917018 -0.916900749873411
"44.3" -1.07881104994026 -1.08023807451625 -1.08868242960975 -1.04294296356614
"45" -1.00302558609377 -1.00445261066976 -1.01289696576326 -0.967157499719649
"47" -0.885203413665014 -0.886630438241012 -0.895074793334506 -0.849335327290899
"48" -0.739700020535472 -0.74112704511147 -0.749571400204964 -0.703831934161356
"49" -0.960686628290248 -0.962113652866246 -0.97055800795974 -0.924818541916132
"54" -1.04654283607128 -1.04796986064727 -1.05641421574077 -1.01067474969716
"63" -1.13306397472697 -1.13449099930297 -1.14293535439647 -1.09719588835286
"64.1" -0.869112845949413 -0.870539870525411 -0.878984225618905 -0.833244759575298
"64.2" -0.982539505065356 -0.983966529641354 -0.992410884734848 -0.946671418691241
"65" -0.888714304463667 -0.890141329039664 -0.898585684133158 -0.852846218089551
"66" -0.883733627454307 -0.885160652030305 -0.893605007123799 -0.847865541080191
"73" -1.10226575081321 -1.1036927753892 -1.1121371304827 -1.06639766443909
"74" -0.943939997143952 -0.94536702171995 -0.953811376813444 -0.908071910769837
"76" -1.04387844555702 -1.04530547013301 -1.05374982522651 -1.0080103591829
"89" -1.09139797141289 -1.09282499598888 -1.10126935108238 -1.05552988503877
"92" -1.08325939633499 -1.08468642091099 -1.09313077600448 -1.04739130996087
"93" -0.925456084970944 -0.926883109546942 -0.935327464640435 -0.889587998596828
"94" -1.04088647102972 -1.04231349560571 -1.05075785069921 -1.0050183846556
