"(Intercept)" "stageNREM" "stageIS" "stageREM"
"0.1" 1.85543240312932 1.96299212566263 1.9019402519109 2.03872321744739
"0.2" 1.85853279237479 1.9660925149081 1.90504064115637 2.04182360669286
"0.3" 1.85885534115233 1.96641506368564 1.90536318993392 2.0421461554704
"105" 1.86232116366311 1.96988088619642 1.90882901244469 2.04561197798118
"109" 1.85730992795781 1.96486965049111 1.90381777673939 2.04060074227587
"44.1" 1.86097120742456 1.96853092995786 1.90747905620614 2.04426202174262
"44.2" 1.85206775736823 1.95962747990153 1.89857560614981 2.03535857168629
"44.3" 1.8589787246335 1.96653844716681 1.90548657341508 2.04226953895157
"45" 1.86353675927593 1.97109648180924 1.91004460805751 2.046827573594
"47" 1.85844040728224 1.96600012981555 1.90494825606382 2.04173122160031
"48" 1.86224635564385 1.96980607817716 1.90875420442543 2.04553716996192
"49" 1.85906883129849 1.9666285538318 1.90557668008007 2.04235964561656
"54" 1.8633067856251 1.97086650815841 1.90981463440668 2.04659759994317
"63" 1.85359824069585 1.96115796322915 1.90010608947743 2.03688905501391
"64.1" 1.86001999319912 1.96757971573242 1.9065278419807 2.04331080751718
"64.2" 1.85855479567811 1.96611451821141 1.90506264445969 2.04184560999617
"65" 1.85848134412463 1.96604106665793 1.90498919290621 2.04177215844269
"66" 1.86050281478733 1.96806253732064 1.90701066356891 2.0437936291054
"73" 1.86625232802654 1.97381205055985 1.91276017680813 2.04954314234461
"74" 1.85931837202205 1.96687809455536 1.90582622080364 2.04260918634012
"76" 1.86259483724584 1.97015455977915 1.90910268602742 2.04588565156391
"89" 1.86411759124505 1.97167731377835 1.91062544002663 2.04740840556311
"92" 1.86298792590904 1.97054764844234 1.90949577469062 2.0462787402271
"93" 1.85865541089753 1.96621513343083 1.90516325967911 2.04194622521559
"94" 1.86122945038473 1.96878917291804 1.90773729916631 2.0445202647028
