"(Intercept)" "stageNREM" "stageIS" "stageREM"
"0.1" -1.67905699465596 -1.6799683906659 -1.91243326039032 -2.93097530886591
"0.2" -2.25092183795595 -2.07433285727986 -2.30679772700428 -3.32533977547987
"0.3" -3.25110798720333 -2.4063438281946 -2.63880869791902 -3.65735074639461
"105" -1.39382207234018 -0.726061001114775 -0.958525870839192 -1.97706791931478
"109" -1.65344954608879 -0.843834581475743 -1.07629945120016 -2.09484149967575
"44.1" -1.51413239846175 -1.01585650829815 -1.24832137802257 -2.26686342649816
"44.2" -1.01707727272986 -1.54328317519596 -1.77574804492038 -2.79429009339597
"44.3" -2.22191352803846 -1.80433918939167 -2.03680405911609 -3.05534610759168
"45" -0.77701131156215 0.00601023074554718 -0.226454638978871 -1.24499668745446
"47" -1.35153526426172 -1.05036437368761 -1.28282924341203 -2.30137129188762
"48" -1.11432025024704 -0.506966333153095 -0.739431202877513 -1.7579732513531
"49" -1.87121638880825 -1.4703612931086 -1.70282616283302 -2.72136821130861
"54" -1.80726153092996 -1.38895806668742 -1.62142293641183 -2.63996498488742
"63" -3.54325337695975 -3.57082636742143 -3.80329123714585 -4.82183328562144
"64.1" -0.994967976953432 -0.949702203153193 -1.18216707287761 -2.2007091213532
"64.2" -1.45681784780464 -0.942905218917643 -1.17537008864206 -2.19391213711765
"65" -0.697230133119876 -0.638885647899001 -0.871350517623419 -1.88989256609901
"66" -2.0170979072443 -1.67091456842403 -1.90337943814844 -2.92192148662403
"73" -1.98761096111531 -0.763359534018239 -0.995824403742657 -2.01436645221825
"74" -1.04214913521156 -0.707230888705853 -0.939695758430271 -1.95823780690586
"76" -3.01016180446021 -2.97133442747799 -3.2037992972024 -4.22234134567799
"89" -2.4911928650161 -2.11563435547041 -2.34809922519483 -3.36664127367042
"92" -2.19755514747605 -1.93290765065373 -2.16537252037815 -3.18391456885374
"93" -2.21989827010576 -1.41985442842947 -1.65231929815388 -2.67086134662947
"94" -1.70736082562059 -0.645943569804125 -0.878408439528543 -1.89695048800413
