"(Intercept)" "stageNREM" "stageIS" "stageREM"
"0.1" -2.11858391771096 -2.26749464328041 -2.29067876532094 -2.49676919894316
"0.2" -2.54324208709061 -2.59180497647506 -2.6149890985156 -2.82107953213781
"0.3" -2.60739126978155 -2.70665990939464 -2.72984403143517 -2.93593446505739
"105" -2.24205233526047 -2.10400052606491 -2.12718464810544 -2.33327508172766
"109" -2.74845178997182 -2.68479607683485 -2.70798019887538 -2.9140706324976
"44.1" -1.52491918848751 -1.51202972933207 -1.5352138513726 -1.74130428499482
"44.2" -1.51328368843008 -1.68635710749437 -1.7095412295349 -1.91563166315711
"44.3" -1.71533266366197 -1.97169845398732 -1.99488257602785 -2.20097300965007
"45" -0.63388759810567 -0.739267004467644 -0.762451126508178 -0.968541560130394
"47" -2.47979627134527 -2.48989504636391 -2.51307916840444 -2.71916960202666
"48" -2.17819929124986 -2.20531768222564 -2.22850180426618 -2.43459223788839
"49" -1.90108993379045 -1.91123773344359 -1.93442185548412 -2.14051228910634
"54" -2.13180455566818 -2.15608166367793 -2.17926578571847 -2.38535621934068
"63" -3.0621556840603 -3.07580052632357 -3.0989846483641 -3.30507508198632
"64.1" -2.40493416996934 -2.37240414210649 -2.39558826414703 -2.60167869776924
"64.2" -1.75750267755691 -1.75885697897881 -1.78204110101935 -1.98813153464156
"65" -2.14277893709112 -2.34651460986256 -2.36969873190309 -2.57578916552531
"66" -2.52081043049367 -2.47164169732997 -2.4948258193705 -2.70091625299272
"73" -2.13216718740392 -2.41159220145962 -2.43477632350016 -2.64086675712237
"74" -1.8152943868256 -2.35336772434368 -2.37655184638422 -2.58264228000643
"76" -2.73776225789571 -2.46338655586859 -2.48657067790913 -2.69266111153134
"89" -1.68267797288768 -1.71471448711378 -1.73789860915431 -1.94398904277653
"92" -2.38593537182387 -1.82791775301566 -1.85110187505619 -2.05719230867841
"93" -2.51365475177008 -2.67491183012152 -2.69809595216205 -2.90418638578427
"94" -2.3108832190348 -1.94497146186195 -1.96815558390248 -2.1742460175247
