"(Intercept)" "stageNREM" "stageIS" "stageREM"
"0.1" -1.37516122291609 -0.762250896398433 -0.925117769259697 -2.04319482818973
"0.2" -1.84701719230466 -1.35788882594649 -1.52075569880775 -2.63883275773779
"0.3" -1.93376358173944 -1.32397373148635 -1.48684060434762 -2.60491766327765
"105" -1.58431849967555 -0.910956784916964 -1.07382365777823 -2.19190071670827
"109" -1.77557032963091 -1.19488423631233 -1.3577511091736 -2.47582816810364
"44.1" -1.04070998440635 -0.356247857478214 -0.519114730339478 -1.63719178926952
"44.2" -1.09880299333291 -0.83345109055905 -0.996317963420313 -2.11439502235035
"44.3" -2.05356476650454 -1.48080068161671 -1.64366755447798 -2.76174461340801
"45" -0.991951992851391 -0.258516242652128 -0.421383115513392 -1.53946017444343
"47" -1.69037673606015 -1.17098939844554 -1.3338562713068 -2.45193333023684
"48" -1.40794321184441 -0.798346859249572 -0.961213732110836 -2.07929079104087
"49" -2.02298171819558 -1.53876980955208 -1.70163668241335 -2.81971374134338
"54" -2.1954609593259 -1.7464114242882 -1.90927829714946 -3.0273553560795
"63" -2.99000325563043 -2.72374953761893 -2.8866164104802 -4.00469346941023
"64.1" -1.42446654977117 -1.1375572440085 -1.30042411686976 -2.4185011757998
"64.2" -1.49605832731724 -0.904425508132395 -1.06729238099366 -2.1853694399237
"65" -1.17481751210803 -0.836450237135622 -0.999317109996886 -2.11739416892692
"66" -2.09100812161091 -1.42965492723082 -1.59252180009209 -2.71059885902213
"73" -1.95323521759418 -1.17861423394727 -1.34148110680853 -2.45955816573857
"74" -1.56256475763011 -1.06010536074386 -1.22297223360513 -2.34104929253516
"76" -3.48415997919058 -3.25737083564825 -3.42023770850951 -4.53831476743955
"89" -2.57264311978752 -2.22532770366696 -2.38819457652822 -3.50627163545826
"92" -2.4554149117733 -2.2679907931925 -2.43085766605377 -3.5489347249838
"93" -2.1942487858421 -1.48410983974073 -1.646976712602 -2.76505377153204
"94" -1.71578090770784 -0.882211679209607 -1.04507855207087 -2.16315561100091
