"(Intercept)" "stageNREM" "stageIS" "stageREM"
"0.1" 0.706936238086462 0.739815301822304 0.743646018607263 0.59695459218984
"0.2" 0.759706122585462 0.795851766900019 0.799682483684978 0.652991057267555
"0.3" 0.716894887313527 0.750408623956114 0.754239340741074 0.60754791432365
"105" 0.671670369492368 0.702347136186052 0.706177852971012 0.559486426553588
"109" 0.706469125386652 0.73930375854597 0.743134475330929 0.596443048913506
"44.1" 0.677682336451525 0.708750553351503 0.712581270136463 0.565889843719039
"44.2" 0.679488193225021 0.710643082573198 0.714473799358157 0.567782372940734
"44.3" 0.688026308093429 0.719774262174487 0.723604978959446 0.576913552542023
"45" 0.720792272585097 0.754554887592204 0.758385604377163 0.611694177959739
"47" 0.70998583776782 0.743079166437179 0.746909883222138 0.600218456804715
"48" 0.684674372610473 0.71617910051098 0.720009817295939 0.573318390878516
"49" 0.80128670792812 0.840071513620915 0.843902230405875 0.697210803988451
"54" 0.738972012074863 0.773866527497948 0.777697244282907 0.631005817865483
"63" 0.656789713866479 0.686603060414987 0.690433777199946 0.543742350782522
"64.1" 0.666726996118423 0.697098243826389 0.700928960611349 0.554237534193925
"64.2" 0.671718351857428 0.702414238748931 0.70624495553389 0.559553529116467
"65" 0.760627805879298 0.796822203182975 0.800652919967934 0.65396149355051
"66" 0.646020987336744 0.675148097900676 0.678978814685635 0.532287388268212
"73" 0.664328157562801 0.694576209159253 0.698406925944212 0.551715499526789
"74" 0.672597508973156 0.703351516141089 0.707182232926048 0.560490806508624
"76" 0.519232270280289 0.540403326450674 0.544234043235633 0.39754261681821
"89" 0.574420040895047 0.599044501947272 0.602875218732231 0.456183792314807
"92" 0.586771802737108 0.612127486075981 0.615958202860941 0.469266776443517
"93" 0.717448460790185 0.751028519035873 0.754859235820832 0.608167809403408
"94" 0.671484134846357 0.702227598962045 0.706058315747005 0.559366889329581
