"(Intercept)" "stageNREM" "stageIS" "stageREM"
"0.1" 0.925516310119556 0.955401959309651 0.899520307237173 0.797053526121535
"0.2" 0.921715079982798 0.951600729172894 0.895719077100415 0.793252295984777
"0.3" 0.78655307483277 0.816438724022865 0.760557071950387 0.658090290834749
"105" 0.864553121413791 0.894438770603886 0.838557118531408 0.73609033741577
"109" 0.963324658242208 0.993210307432303 0.937328655359824 0.834861874244187
"44.1" 0.840968345051714 0.87085399424181 0.814972342169331 0.712505561053693
"44.2" 0.87869354768968 0.908579196879776 0.852697544807297 0.75023076369166
"44.3" 0.85321600207843 0.883101651268525 0.827219999196047 0.724753218080409
"45" 0.916143439193181 0.946029088383277 0.890147436310798 0.787680655195161
"47" 0.900539850525588 0.930425499715683 0.874543847643205 0.772077066527567
"48" 0.98400118548754 1.01388683467764 0.958005182605156 0.855538401489519
"49" 0.891140688843153 0.921026338033248 0.86514468596077 0.762677904845132
"54" 0.93952271326005 0.969408362450145 0.913526710377666 0.811059929262029
"63" 0.691375646367956 0.721261295558051 0.665379643485572 0.562912862369935
"64.1" 0.92260558404804 0.952491233238135 0.896609581165657 0.794142800050019
"64.2" 0.882008527361088 0.911894176551183 0.856012524478704 0.753545743363067
"65" 0.932746058195588 0.962631707385683 0.906750055313204 0.804283274197567
"66" 0.820962133273062 0.850847782463157 0.794966130390679 0.692499349275041
"73" 0.927897930748323 0.957783579938419 0.90190192786594 0.799435146750303
"74" 0.951681356949575 0.981567006139671 0.925685354067192 0.823218572951554
"76" 0.786164843574772 0.816050492764867 0.760168840692389 0.657702059576751
"89" 0.777372135613975 0.807257784804071 0.751376132731592 0.648909351615954
"92" 0.801308888847072 0.831194538037167 0.775312885964689 0.672846104849051
"93" 0.906063423622165 0.93594907281226 0.880067420739781 0.777600639624144
"94" 0.887191455169704 0.917077104359799 0.861195452287321 0.758728671171683
