"(Intercept)" "stageNREM" "stageIS" "stageREM"
"0.1" 1.60260126544271 1.64218198071088 1.71968610401506 1.9023184873607
"0.2" 1.86544306211925 1.87538599931137 1.95289012261556 2.1355225059612
"0.3" 1.8467459671669 1.84077484842528 1.91827897172946 2.1009113550751
"105" 1.30204666878311 1.35487473487622 1.4323788581804 1.61501124152604
"109" 1.53222892374827 1.473689890426 1.55119401373018 1.73382639707582
"44.1" 2.13758707239295 2.14125288702248 2.21875701032666 2.4013893936723
"44.2" 2.2073219802842 2.25711774491895 2.33462186822313 2.51725425156878
"44.3" 2.54357032296997 2.4593154444173 2.53681956772148 2.71945195106712
"45" 2.52239021622633 2.49498037522128 2.57248449852546 2.75511688187111
"47" 1.23599841859069 1.33001322447317 1.40751734777735 1.590149731123
"48" 1.7322930270868 1.76270336971962 1.8402074930238 2.02283987636944
"49" 1.72748381030674 1.75821150335301 1.83571562665719 2.01834801000284
"54" 1.57446114492768 1.61528649178052 1.6927906150847 1.87542299843034
"63" 2.727897444239 2.71804170360945 2.79554582691363 2.97817821025927
"64.1" 1.20849066245261 1.27507391340398 1.35257803670816 1.5352104200538
"64.2" 2.01323187820734 2.02510363864774 2.10260776195193 2.28524014529757
"65" 1.90542525682969 1.94805806833135 2.02556219163553 2.20819457498117
"66" 1.14471467197998 1.2522361065028 1.32974022980698 1.51237261315263
"73" 1.63471128991871 1.67924625201046 1.75675037531464 1.93938275866028
"74" 1.59089731334905 1.6459933697816 1.72349749308578 1.90612987643143
"76" 1.8593659717905 1.86602854516202 1.9435326684662 2.12616505181184
"89" 2.37628688314821 2.38187334488508 2.45937746818926 2.6420098515349
"92" 1.62300100600074 1.6098020166226 1.68730613992678 1.86993852327242
"93" 1.22784534807398 1.28933729562785 1.36684141893203 1.54947380227768
"94" 1.22807914634742 1.3636630139632 1.44116713726739 1.62379952061303
