"(Intercept)" "stageNREM" "stageIS" "stageREM"
"0.1" -2.39880486160027 -2.38802177885984 -2.387209628125 -2.48613503678247
"0.2" -2.41879192257482 -2.40800884005438 -2.40719668931953 -2.506122097977
"0.3" -2.41730012484759 -2.40651704231073 -2.40570489157588 -2.50463030023336
"105" -2.20925663855081 -2.19847355372416 -2.19766140298932 -2.29658681164679
"109" -2.26202339916538 -2.25124031491949 -2.25042816418465 -2.34935357284212
"44.1" -2.42874867261311 -2.41796559020225 -2.41715343946741 -2.51607884812488
"44.2" -2.37209922974566 -2.36131614671131 -2.36050399597646 -2.45942940463393
"44.3" -2.38494221965733 -2.37415913676432 -2.37334698602948 -2.47227239468695
"45" -2.13597208717915 -2.12518900154591 -2.12437685081107 -2.22330225946854
"47" -2.43351300114059 -2.42272991878216 -2.42191776804732 -2.52084317670479
"48" -2.33822764950552 -2.32744456609837 -2.32663241536352 -2.425557824021
"49" -2.38511819131718 -2.37433510842611 -2.37352295769126 -2.47244836634874
"54" -2.0855748178331 -2.07479173164518 -2.07397958091033 -2.1729049895678
"63" -2.4288809478761 -2.4180978654667 -2.41728571473186 -2.51621112338933
"64.1" -2.29829474119998 -2.28751165735331 -2.28669950661847 -2.38562491527594
"64.2" -2.34952157681243 -2.33873849352957 -2.33792634279473 -2.4368517514522
"65" -2.30729501494583 -2.29651193119822 -2.29569978046338 -2.39462518912085
"66" -2.32280397880291 -2.31202089522599 -2.31120874449115 -2.41013415314862
"73" -2.18311847213859 -2.17233538702426 -2.17152323628942 -2.27044864494689
"74" -2.18822210140717 -2.17743901634901 -2.17662686561417 -2.27555227427164
"76" -2.33868330548381 -2.32790022208167 -2.32708807134682 -2.4260134800043
"89" -2.35390178728578 -2.34311870405114 -2.34230655331629 -2.44123196197376
"92" -2.27931061551246 -2.26852753145685 -2.267715380722 -2.36664078937947
"93" -2.33332751020555 -2.32254442674446 -2.32173227600962 -2.42065768466709
"94" -2.24383536245137 -2.23305227800531 -2.23224012727046 -2.33116553592794
