"(Intercept)" "stageNREM" "stageIS" "stageREM"
"0.1" -0.918249745422011 -0.308505383185896 -0.530109474361297 -1.38473987881312
"0.2" -1.23988373340576 -0.543466344253862 -0.765070435429263 -1.61970083988108
"0.3" -1.33821078060002 -0.74647927583355 -0.968083367008951 -1.82271377146077
"105" -0.997347669982201 -0.274123643250345 -0.495727734425746 -1.35035813887756
"109" -1.17782177762964 -0.483093607575072 -0.704697698750473 -1.55932810320229
"44.1" -0.898043976458564 -0.232703612458361 -0.454307703633762 -1.30893810808558
"44.2" -0.541635688875708 -0.117553202250957 -0.339157293426358 -1.19378769787818
"44.3" -1.70422747703079 -1.00814480427342 -1.22974889544882 -2.08437929990064
"45" -0.648504245204693 0.290297445314129 0.0686933541387283 -0.785937050313091
"47" -1.2576271054443 -0.665794059466272 -0.887398150641673 -1.74202855509349
"48" -0.566129962283792 0.134812172484987 -0.0867919186904139 -0.941422323142233
"49" -1.1003016599429 -0.456655865548311 -0.678259956723712 -1.53289036117553
"54" -1.21168989730867 -0.579991831312569 -0.80159592248797 -1.65622632693979
"63" -2.56008668362986 -2.02351970364868 -2.24512379482408 -3.0997541992759
"64.1" -1.1581934088037 -0.660385904844202 -0.881989996019603 -1.73662040047142
"64.2" -1.16041060712055 -0.523212220389298 -0.744816311564699 -1.59944671601652
"65" -0.573784001992708 0.00914353327642951 -0.212460557898971 -1.06709096235079
"66" -1.25283155235791 -0.750388200018549 -0.971992291193949 -1.82662269564577
"73" -1.14390160429975 -0.448109045099331 -0.669713136274732 -1.52434354072655
"74" -0.81774585993359 -0.211982218300243 -0.433586309475644 -1.28821671392746
"76" -2.63062321961289 -2.12056708890318 -2.34217118007858 -3.1968015845304
"89" -2.20307479620481 -1.63536644495727 -1.85697053613267 -2.71160094058449
"92" -2.14833678210027 -1.67390757012036 -1.89551166129576 -2.75014206574758
"93" -1.16260062852386 -0.428764301264271 -0.650368392439672 -1.50499879689149
"94" -1.23757128203112 -0.543430980859449 -0.76503507203485 -1.61966547648667
