"(Intercept)" "stageNREM" "stageIS" "stageREM"
"0.1" -2.51602220614231 -2.83534779171802 -2.86779332203881 -3.01792589140061
"0.2" -3.15648861782033 -3.27940185600369 -3.31184738632447 -3.46197995568628
"0.3" -3.19738925013614 -3.466253306828 -3.49869883714878 -3.64883140651059
"105" -2.87162787476877 -2.73706873771007 -2.76951426803086 -2.91964683739266
"109" -3.34639058084712 -3.26894315162315 -3.30138868194394 -3.45152125130574
"44.1" -2.30193388555808 -2.11328663590923 -2.14573216623001 -2.29586473559182
"44.2" -2.06375461183264 -2.36557784564668 -2.39802337596747 -2.54815594532927
"44.3" -2.50298481897505 -2.63761466231034 -2.67006019263113 -2.82019276199293
"45" -2.19892172655066 -2.02304394513967 -2.05548947546046 -2.20562204482226
"47" -2.85284566972299 -2.92703783450926 -2.95948336483005 -3.10961593419186
"48" -2.69640165572846 -2.64149010487607 -2.67393563519686 -2.82406820455866
"49" -2.50804233275263 -2.38927165933588 -2.42171718965667 -2.57184975901847
"54" -3.33982378549652 -3.50305048231003 -3.53549601263082 -3.68562858199262
"63" -3.69062384055453 -3.62426892654845 -3.65671445686924 -3.80684702623104
"64.1" -2.90367828741286 -2.90571834295915 -2.93816387327993 -3.08829644264174
"64.2" -2.48858267647745 -2.36321463078571 -2.39566016110649 -2.5457927304683
"65" -2.71912025653319 -2.93278059959618 -2.96522612991697 -3.11535869927877
"66" -2.9334139447661 -3.03706294258054 -3.06950847290133 -3.21964104226313
"73" -2.96142698444549 -2.93828340427844 -2.97072893459923 -3.12086150396103
"74" -2.73407007086326 -2.94065258188212 -2.97309811220291 -3.12323068156471
"76" -3.29837035338625 -3.12030217831524 -3.15274770863603 -3.30288027799783
"89" -2.22925416974631 -2.12894760742689 -2.16139313774768 -2.31152570710948
"92" -2.59701519931234 -1.89492691846664 -1.92737244878743 -2.07750501814923
"93" -3.15797650642651 -3.06225225894942 -3.09469778927021 -3.24483035863201
"94" -2.82089969242385 -2.48605628581295 -2.51850181613374 -2.66863438549554
