"(Intercept)" "stageNREM" "stageIS" "stageREM"
"0.1" 0.886470172316702 0.927477583548035 0.934330347570469 0.845003368600889
"0.2" 0.923719995814037 0.96472740704537 0.971580171067803 0.882253192098224
"0.3" 0.891414727057006 0.93242213828834 0.939274902310773 0.849947923341194
"105" 0.903970977552277 0.94497838878361 0.951831152806043 0.862504173836464
"109" 0.897731026788785 0.938738438020118 0.945591202042551 0.856264223072972
"44.1" 0.882810129279881 0.923817540511214 0.930670304533647 0.841343325564068
"44.2" 0.916570635886071 0.957578047117404 0.964430811139837 0.875103832170258
"44.3" 0.882424026797917 0.92343143802925 0.930284202051683 0.840957223082104
"45" 0.875478582142504 0.916485993373838 0.923338757396271 0.834011778426691
"47" 0.867947850910601 0.908955262141934 0.915808026164367 0.826481047194788
"48" 0.894458741865455 0.935466153096788 0.942318917119221 0.852991938149642
"49" 0.950308811749486 0.991316222980819 0.998168987003252 0.908842008033673
"54" 0.940350881152141 0.981358292383474 0.988211056405907 0.898884077436328
"63" 0.875572875270844 0.916580286502177 0.92343305052461 0.834106071555031
"64.1" 0.863642941184171 0.904650352415504 0.911503116437937 0.822176137468358
"64.2" 0.790308549781185 0.831315961012518 0.838168725034952 0.748841746065372
"65" 0.899032767906219 0.940040179137552 0.946892943159985 0.857565964190406
"66" 0.882863788904787 0.92387120013612 0.930723964158553 0.841396985188974
"73" 0.900364857809521 0.941372269040855 0.948225033063288 0.858898054093708
"74" 0.900198102311836 0.94120551354317 0.948058277565603 0.858731298596023
"76" 0.827267832241053 0.868275243472387 0.87512800749482 0.78580102852524
"89" 0.804659127975448 0.845666539206782 0.852519303229215 0.763192324259635
"92" 0.781877633424529 0.822885044655862 0.829737808678295 0.740410829708716
"93" 0.948038662907636 0.989046074138969 0.995898838161403 0.906571859191823
"94" 0.881220938643759 0.922228349875093 0.929081113897526 0.839754134927946
