"(Intercept)" "stageNREM" "stageIS" "stageREM"
"48.6.1" -1.82671017578127 -1.43365990424054 -1.55284988282949 -2.5124578857933
"63.8.2" -3.7584943972998 -3.59852169928371 -3.71771167787266 -4.67731968083647
"64.8.3" -1.56104660691289 -1.5958182046167 -1.71500818320565 -2.67461618616946
"73.9.3" -2.09387800778318 -1.25232197571214 -1.37151195430109 -2.3311199572649
"49.6.4" -3.5879349618732 -2.33355879490459 -2.45274877349354 -3.41235677645735
"64.8.4" -2.54095760960376 -2.1191047430165 -2.23829472160544 -3.19790272456926
"74.9.4" -2.06386520766024 -1.38661843468715 -1.5058084132761 -2.46541641623991
"89.10.4" -2.97876727931828 -2.87980479194177 -2.99899477053072 -3.95860277349453
"92.10.4" -2.62273916123574 -2.46591519359351 -2.58510517218245 -3.54471317514627
"0.6.5" -2.83024148173629 -2.47318887011438 -2.59237884870333 -3.55198685166714
"44.6.5" -2.28497853046336 -1.55895070591299 -1.67814068450193 -2.63774868746574
"105.10.5" -1.69706853319242 -1.08597649282456 -1.20516647141351 -2.16477447437732
"44.6.6" -2.05978400123765 -2.05376315390106 -2.17295313249001 -3.13256113545382
"65.8.6" -1.85264161242218 -1.21495520637479 -1.33414518496374 -2.29375318792755
"76.9.6" -3.32996481614461 -3.5536387187504 -3.67282869733935 -4.63243670030316
"0.6.7" -2.84872441220685 -2.49554865073331 -2.61473862932225 -3.57434663228606
"44.6.7" -2.50260330028695 -1.85209682203983 -1.97128680062878 -2.93089480359259
"93.10.7" -2.66853998222217 -2.18552822575524 -2.30471820434419 -3.264326207308
"0.6.8" -3.19167817887664 -3.04638086816911 -3.16557084675806 -4.12517884972187
"45.6.9" -1.05078681652868 -0.35627781464778 -0.475467793236728 -1.43507579620054
"66.8.10" -2.99155292365029 -1.98332439925647 -2.10251437784541 -3.06212238080922
"109.10.10" -2.16687476891743 -1.65514394554945 -1.7743339241384 -2.73394192710221
"47.6.11" -1.83011701898938 -1.74417810747082 -1.86336808605977 -2.82297608902358
"54.6.15" -2.88863955195942 -2.2297120856938 -2.34890206428275 -3.30851006724656
