"(Intercept)" "stageNREM" "stageIS" "stageREM" "stageAwakening"
"48.6.1" -0.807341830913724 0.0237229591553501 -0.122538860298725 -0.864437220354015 -1.13028636379336
"63.8.2" -2.66520332693325 -1.83413853686417 -1.98040035631825 -2.72229871637354 -2.98814785981288
"64.8.3" -1.96304252988724 -1.13197773981816 -1.27823955927224 -2.02013791932753 -2.28598706276687
"73.9.3" -1.45002383100948 -0.61895904094041 -0.765220860394484 -1.50711922044977 -1.77296836388912
"49.6.4" -1.38362370104195 -0.552558910972878 -0.698820730426953 -1.44071909048224 -1.70656823392159
"64.8.4" -1.66348205366406 -0.832417263594984 -0.978679083049058 -1.72057744310435 -1.9864265865437
"74.9.4" -1.16663858645054 -0.335573796381463 -0.481835615835538 -1.22373397589083 -1.48958311933018
"89.10.4" -2.12811155996987 -1.2970467699008 -1.44330858935487 -2.18520694941016 -2.45105609284951
"92.10.4" -2.73084458680238 -1.89977979673331 -2.04604161618738 -2.78793997624267 -3.05378911968202
"0.6.5" -1.41345699768998 -0.582392207620906 -0.72865402707498 -1.47055238713027 -1.73640153056962
"44.6.5" -0.969998352154274 -0.1389335620852 -0.285195381539274 -1.02709374159456 -1.29294288503391
"105.10.5" -1.58804576819464 -0.756980978125569 -0.903242797579643 -1.64514115763493 -1.91099030107428
"44.6.6" -0.657972501086334 0.17309228898274 0.0268304695286652 -0.715067890526625 -0.980917033965973
"65.8.6" -0.803321125157515 0.0277436649115596 -0.118518154542515 -0.860416514597805 -1.12626565803715
"76.9.6" -3.09677825247162 -2.26571346240254 -2.41197528185662 -3.15387364191191 -3.41972278535125
"0.6.7" -1.36884503819779 -0.537780248128713 -0.684042067582788 -1.42594042763808 -1.69178957107743
"44.6.7" -1.51650237584564 -0.685437585776567 -0.831699405230641 -1.57359776528593 -1.83944690872528
"93.10.7" -1.80227267316269 -0.971207883093611 -1.11746970254769 -1.85936806260298 -2.12521720604232
"0.6.8" -1.54854735885904 -0.717482568789968 -0.863744388244042 -1.60564274829933 -1.87149189173868
"45.6.9" -0.305927193052224 0.52513759701685 0.378875777562776 -0.363022582492514 -0.628871725931863
"94.10.9" -1.7993405943486 -0.968275804279521 -1.1145376237336 -1.85643598378889 -2.12228512722823
"66.8.10" -1.96048574756182 -1.12942095749274 -1.27568277694682 -2.01758113700211 -2.28343028044146
"109.10.10" -1.69191152402465 -0.860846733955572 -1.00710855340965 -1.74900691346494 -2.01485605690428
"47.6.11" -1.81706101881673 -0.985996228747655 -1.13225804820173 -1.87415640825702 -2.14000555169637
"54.6.15" -1.88259856238417 -1.0515337723151 -1.19779559176917 -1.93969395182446 -2.20554309526381
