"(Intercept)" "stageNREM" "stageIS" "stageREM" "stageAwakening"
"48.6.1" -2.09015178177562 -1.43348622421661 -1.52167744113951 -1.97027223006263 -2.30952003092508
"63.8.2" -3.16495976155935 -2.50829420400034 -2.59648542092324 -3.04508020984636 -3.38432801070881
"64.8.3" -2.54514284287651 -1.8884772853175 -1.9766685022404 -2.42526329116352 -2.76451109202597
"73.9.3" -3.2512701258986 -2.59460456833959 -2.68279578526249 -3.13139057418561 -3.47063837504806
"49.6.4" -1.75872870176314 -1.10206314420413 -1.19025436112703 -1.63884915005015 -1.9780969509126
"64.8.4" -2.36277735659813 -1.70611179903911 -1.79430301596201 -2.24289780488513 -2.58214560574758
"74.9.4" -2.51054079812792 -1.85387524056891 -1.94206645749181 -2.39066124641493 -2.72990904727738
"89.10.4" -3.24873955576963 -2.59207399821062 -2.68026521513352 -3.12886000405663 -3.46810780491908
"92.10.4" -3.10928439554445 -2.45261883798543 -2.54081005490833 -2.98940484383145 -3.3286526446939
"0.6.5" -1.16827899718254 -0.511613439623531 -0.599804656546433 -1.04839944546955 -1.387647246332
"44.6.5" -1.50129073676052 -0.84462517920151 -0.932816396124412 -1.38141118504753 -1.72065898590998
"105.10.5" -2.36867171409604 -1.71200615653702 -1.80019737345993 -2.24879216238304 -2.58803996324549
"44.6.6" -1.32740040613403 -0.670734848575015 -0.758926065497917 -1.20752085442103 -1.54676865528348
"65.8.6" -2.29213576307756 -1.63547020551855 -1.72366142244145 -2.17225621136457 -2.51150401222702
"76.9.6" -3.58631889200724 -2.92965333444822 -3.01784455137112 -3.46643934029424 -3.80568714115669
"0.6.7" -1.58303548149009 -0.926369923931076 -1.01456114085398 -1.4631559297771 -1.80240373063955
"44.6.7" -2.03655498354837 -1.37988942598936 -1.46808064291226 -1.91667543183538 -2.25592323269783
"93.10.7" -1.90126246500785 -1.24459690744884 -1.33278812437174 -1.78138291329486 -2.12063071415731
"0.6.8" -1.59750251365444 -0.940836956095425 -1.02902817301833 -1.47762296194144 -1.81687076280389
"45.6.9" -2.46145458207684 -1.80478902451783 -1.89298024144073 -2.34157503036385 -2.6808228312263
"94.10.9" -2.46845885684091 -1.8117932992819 -1.8999845162048 -2.34857930512792 -2.68782710599037
"66.8.10" -1.90833351792176 -1.25166796036275 -1.33985917728565 -1.78845396620877 -2.12770176707122
"109.10.10" -2.82433871139772 -2.16767315383871 -2.25586437076161 -2.70445915968472 -3.04370696054717
"47.6.11" -2.43765934349907 -1.78099378594006 -1.86918500286296 -2.31777979178608 -2.65702759264853
"54.6.15" -3.036860851535 -2.38019529397599 -2.46838651089889 -2.91698129982201 -3.25622910068446
