"(Intercept)" "stageNREM" "stageIS" "stageREM"
"48.6.1" -0.878387678192658 -0.878395059654192 -0.914085354889918 -0.891128848742469
"63.8.2" -1.16531528782367 -1.3103285146615 -1.34601880989723 -1.32306230374978
"64.8.3" -0.837563007715931 -1.31869976260732 -1.35439005784304 -1.33143355169559
"73.9.3" -1.39674568805824 -1.32471572530267 -1.3604060205384 -1.33744951439095
"49.6.4" -0.813192772211738 -0.885044017282646 -0.920734312518373 -0.897777806370924
"64.8.4" -1.16554515764902 -1.33227006160628 -1.36796035684201 -1.34500385069456
"74.9.4" -1.2739764756533 -1.37494251488993 -1.41063281012565 -1.3876763039782
"89.10.4" -0.564939565220147 -1.11346596399155 -1.14915625922727 -1.12619975307982
"92.10.4" -1.24676841490078 -1.02890934000715 -1.06459963524288 -1.04164312909543
"0.6.5" -0.583780603328614 -1.00902963337605 -1.04471992861178 -1.02176342246433
"44.6.5" -1.85523443300753 -0.977390649099548 -1.01308094433527 -0.990124438187826
"105.10.5" -1.02142187022207 -1.11843698324681 -1.15412727848254 -1.13117077233509
"44.6.6" -1.11550795327968 -1.26819713521223 -1.30388743044796 -1.28093092430051
"65.8.6" -1.13754324708961 -1.25213916194371 -1.28782945717944 -1.26487295103199
"76.9.6" -1.19311283453949 -1.54226852416233 -1.57795881939806 -1.55500231325061
"0.6.7" -0.931868790966665 -1.01347452329728 -1.049164818533 -1.02620831238555
"44.6.7" -1.32551828224613 -1.29161671499288 -1.3273070102286 -1.30435050408115
"93.10.7" -1.09293374398045 -0.99339715013669 -1.02908744537242 -1.00613093922497
"0.6.8" -0.83303826619803 -0.995049976612349 -1.03074027184808 -1.00778376570063
"45.6.9" -1.14159714506203 -1.26597036778798 -1.3016606630237 -1.27870415687626
"94.10.9" -1.15903782604759 -1.31364853453157 -1.34933882976729 -1.32638232361985
"66.8.10" -1.5093830823345 -1.15029557413989 -1.18598586937562 -1.16302936322817
"109.10.10" -1.08620179714101 -1.30944826799449 -1.34513856323022 -1.32218205708277
"47.6.11" -1.32358099540661 -1.12746030735323 -1.16315060258896 -1.14019409644151
"54.6.15" -1.12435547225922 -1.21440072765139 -1.25009102288712 -1.22713451673967
