"(Intercept)" "stageNREM" "stageIS" "stageREM" "stageAwakening"
"48.6.1" -0.716262423190045 -0.285119880575296 -0.363056325047192 -0.962247165789463 -1.23377350796316
"63.8.2" -3.00465344836061 -2.57351090574587 -2.65144735021776 -3.25063819096003 -3.52216453313373
"64.8.3" -2.2144483942861 -1.78330585167135 -1.86124229614325 -2.46043313688552 -2.73195947905922
"73.9.3" -1.4306934013275 -0.999550858712754 -1.07748730318465 -1.67667814392692 -1.94820448610062
"49.6.4" -1.80835481111841 -1.37721226850366 -1.45514871297555 -2.05433955371782 -2.32586589589152
"64.8.4" -1.25746214713819 -0.826319604523441 -0.904256048995338 -1.50344688973761 -1.77497323191131
"74.9.4" -1.36468098785063 -0.933538445235884 -1.01147488970778 -1.61066573045005 -1.88219207262375
"89.10.4" -1.60829845399877 -1.17715591138402 -1.25509235585591 -1.85428319659819 -2.12580953877188
"92.10.4" -2.67656293367002 -2.24542039105527 -2.32335683552716 -2.92254767626943 -3.19407401844313
"0.6.5" -2.86625006753888 -2.43510752492414 -2.51304396939603 -3.1122348101383 -3.383761152312
"44.6.5" -1.10692648954154 -0.675783946926793 -0.753720391398689 -1.35291123214096 -1.62443757431466
"105.10.5" -2.02890800757182 -1.59776546495707 -1.67570190942896 -2.27489275017123 -2.54641909234493
"44.6.6" -1.10939145746622 -0.678248914851469 -0.756185359323365 -1.35537620006564 -1.62690254223933
"65.8.6" -0.644777067651425 -0.213634525036676 -0.291570969508572 -0.890761810250843 -1.16228815242454
"76.9.6" -3.39171160134371 -2.96056905872896 -3.03850550320085 -3.63769634394313 -3.90922268611682
"0.6.7" -2.42822364820464 -1.99708110558989 -2.07501755006179 -2.67420839080406 -2.94573473297775
"44.6.7" -1.73855094294982 -1.30740840033507 -1.38534484480697 -1.98453568554924 -2.25606202772293
"93.10.7" -2.33504693824377 -1.90390439562902 -1.98184084010092 -2.58103168084319 -2.85255802301688
"0.6.8" -3.01936022968891 -2.58821768707416 -2.66615413154606 -3.26534497228833 -3.53687131446202
"45.6.9" 0.358735607469456 0.789878150084205 0.711941705612309 0.112750864870038 -0.158775477303659
"94.10.9" -2.10598149859564 -1.67483895598089 -1.75277540045279 -2.35196624119506 -2.62349258336876
"66.8.10" -2.6283989273067 -2.19725638469195 -2.27519282916385 -2.87438366990612 -3.14591001207982
"109.10.10" -1.84115996584734 -1.4100174232326 -1.48795386770449 -2.08714470844676 -2.35867105062046
"47.6.11" -2.19532702707222 -1.76418448445747 -1.84212092892937 -2.44131176967164 -2.71283811184534
"54.6.15" -1.92526848744036 -1.49412594482561 -1.57206238929751 -2.17125323003978 -2.44277957221348
