"(Intercept)" "stageNREM" "stageIS" "stageREM" "stageAwakening"
"48.6.1" -1.79539786188849 -1.28148153882169 -1.35245876212653 -2.17163144386032 -1.92941141008459
"63.8.2" -3.29299295387319 -2.77907663080639 -2.85005385411124 -3.66922653584502 -3.4270065020693
"64.8.3" -2.56164024681539 -2.04772392374859 -2.11870114705344 -2.93787382878723 -2.6956537950115
"73.9.3" -2.07775113209055 -1.56383480902375 -1.63481203232859 -2.45398471406238 -2.21176468028665
"49.6.4" -2.69090390138738 -2.17698757832057 -2.24796480162542 -3.06713748335921 -2.82491744958348
"64.8.4" -1.75662867791272 -1.24271235484592 -1.31368957815077 -2.13286225988455 -1.89064222610883
"74.9.4" -2.21273623844682 -1.69881991538002 -1.76979713868487 -2.58896982041865 -2.34674978664293
"89.10.4" -2.44014563287596 -1.92622930980916 -1.99720653311401 -2.81637921484779 -2.57415918107207
"92.10.4" -3.08186389725346 -2.56794757418666 -2.63892479749151 -3.45809747922529 -3.21587744544956
"0.6.5" -3.02114504986083 -2.50722872679403 -2.57820595009888 -3.39737863183267 -3.15515859805694
"44.6.5" -1.55481020304069 -1.04089387997389 -1.11187110327873 -1.93104378501252 -1.68882375123679
"105.10.5" -2.24078812891026 -1.72687180584346 -1.79784902914831 -2.6170217108821 -2.37480167710637
"44.6.6" -2.01190144186449 -1.49798511879768 -1.56896234210253 -2.38813502383632 -2.14591499006059
"65.8.6" -1.61879254055348 -1.10487621748668 -1.17585344079153 -1.99502612252531 -1.75280608874958
"76.9.6" -3.6990211068025 -3.1851047837357 -3.25608200704055 -4.07525468877433 -3.83303465499861
"0.6.7" -3.04571338048535 -2.53179705741854 -2.60277428072339 -3.42194696245718 -3.17972692868145
"44.6.7" -2.05204006565214 -1.53812374258534 -1.60910096589018 -2.42827364762397 -2.18605361384824
"93.10.7" -3.08475537031456 -2.57083904724776 -2.64181627055261 -3.4609889522864 -3.21876891851067
"0.6.8" -3.53865178173596 -3.02473545866916 -3.09571268197401 -3.91488536370779 -3.67266532993207
"45.6.9" -0.288799379194795 0.225116943872006 0.154139720567159 -0.665032961166627 -0.4228129273909
"94.10.9" -2.40416745295327 -1.89025112988647 -1.96122835319132 -2.7804010349251 -2.53818100114938
"66.8.10" -3.15110688190943 -2.63719055884263 -2.70816778214747 -3.52734046388126 -3.28512043010553
"109.10.10" -2.40969063157624 -1.89577430850944 -1.96675153181429 -2.78592421354807 -2.54370417977235
"47.6.11" -2.6456427193288 -2.131726396262 -2.20270361956685 -3.02187630130063 -2.77965626752491
"54.6.15" -2.99907936321859 -2.48516304015179 -2.55614026345664 -3.37531294519042 -3.1330929114147
