"(Intercept)" "stageNREM" "stageIS" "stageREM"
"48.6.1" -1.75829057796859 -1.71269549110619 -1.78685058131148 -2.09583789675032
"63.8.2" -3.09683286499136 -3.05123777842619 -3.12539286863148 -3.43438018407032
"64.8.3" -2.98922754251487 -2.94363245592581 -3.0177875461311 -3.32677486156994
"73.9.3" -2.10833569454454 -2.06274060775987 -2.13689569796516 -2.445883013404
"49.6.4" -2.6222854947044 -2.57669040803385 -2.65084549823914 -2.95983281367798
"64.8.4" -2.28506335249347 -2.23946826574804 -2.31362335595333 -2.62261067139217
"74.9.4" -1.67195660317002 -1.62636151628844 -1.70051660649373 -2.00950392193257
"89.10.4" -2.11687820205234 -2.07128311526956 -2.14543820547485 -2.45442552091369
"92.10.4" -2.50583091440834 -2.46023582771194 -2.53439091791723 -2.84337823335607
"0.6.5" -2.67310904271059 -2.62751395605133 -2.70166904625662 -3.01065636169546
"44.6.5" -1.89575635554172 -1.85016126870984 -1.92431635891513 -2.23330367435397
"105.10.5" -2.28792866841014 -2.24233358166535 -2.31648867187064 -2.62547598730948
"44.6.6" -1.91697466461045 -1.87137957778328 -1.94553466798857 -2.25452198342741
"65.8.6" -2.56318513129815 -2.51759004461448 -2.59174513481977 -2.90073245025861
"76.9.6" -3.25493392821977 -3.20933884168971 -3.283493931895 -3.59248124733384
"0.6.7" -2.63972599896576 -2.59413091229908 -2.66828600250437 -2.97727331794321
"44.6.7" -1.9798890642459 -1.9342939774327 -2.00844906763799 -2.31743638307683
"93.10.7" -2.8257457877626 -2.78015070113724 -2.85430579134253 -3.16329310678137
"0.6.8" -2.67612778780324 -2.63053270114466 -2.70468779134994 -3.01367510678878
"45.6.9" -0.949646784161815 -0.904051697119844 -0.978206787325133 -1.28719410276397
"94.10.9" -2.59180691227805 -2.54621182560073 -2.62036691580602 -2.92935423124486
"66.8.10" -2.71297959277662 -2.66738450612621 -2.7415395963315 -3.05052691177034
"109.10.10" -2.59206980935767 -2.54647472268042 -2.62062981288571 -2.92961712832455
"47.6.11" -2.890432556301 -2.84483746969 -2.91899255989529 -3.22797987533413
"54.6.15" -1.81842235407519 -1.77282726722614 -1.84698235743143 -2.15596967287027
