"(Intercept)" "stageNREM" "stageIS" "stageREM" "stageAwakening"
"48.6.1" 0.580936680134778 0.668778743020609 0.665971610503434 0.506768903546893 0.590367215134289
"63.8.2" 0.537352640133876 0.625194703019707 0.622387570502532 0.463184863545991 0.546783175133387
"64.8.3" 0.583591829449864 0.671433892335695 0.66862675981852 0.509424052861979 0.593022364449375
"73.9.3" 0.581156930975074 0.668998993860905 0.66619186134373 0.506989154387189 0.590587465974585
"49.6.4" 0.559754837407279 0.64759690029311 0.644789767775935 0.485587060819394 0.56918537240679
"64.8.4" 0.576743396551432 0.664585459437263 0.661778326920089 0.502575619963547 0.586173931550943
"74.9.4" 0.581565843256061 0.669407906141892 0.666600773624717 0.507398066668176 0.590996378255572
"89.10.4" 0.494088932135001 0.581930995020832 0.579123862503657 0.419921155547116 0.503519467134512
"92.10.4" 0.49583759205412 0.583679654939951 0.580872522422776 0.421669815466235 0.505268127053631
"0.6.5" 0.50457523202606 0.592417294911891 0.589610162394716 0.430407455438175 0.514005767025571
"44.6.5" 0.539644604910716 0.627486667796547 0.624679535279372 0.465476828322831 0.549075139910227
"105.10.5" 0.589600225969728 0.677442288855558 0.674635156338384 0.515432449381843 0.599030760969239
"44.6.6" 0.56389891744819 0.651740980334021 0.648933847816846 0.489731140860305 0.573329452447701
"65.8.6" 0.661175224567039 0.749017287452869 0.746210154935695 0.587007447979153 0.67060575956655
"76.9.6" 0.497783192823279 0.585625255709109 0.582818123191935 0.423615416235393 0.50721372782279
"0.6.7" 0.550321289435919 0.63816335232175 0.635356219804575 0.476153512848034 0.55975182443543
"44.6.7" 0.568072952918022 0.655915015803853 0.653107883286678 0.493905176330137 0.577503487917533
"93.10.7" 0.55818638531684 0.64602844820267 0.643221315685496 0.484018608728954 0.56761692031635
"0.6.8" 0.53876720420028 0.626609267086111 0.623802134568936 0.464599427612395 0.548197739199791
"45.6.9" 0.656947808660297 0.744789871546128 0.741982739028953 0.582780032072412 0.666378343659808
"94.10.9" 0.571487030778747 0.659329093664578 0.656521961147403 0.497319254190862 0.580917565778258
"66.8.10" 0.55066077058262 0.638502833468451 0.635695700951276 0.476492993994735 0.560091305582131
"109.10.10" 0.610682284018667 0.698524346904498 0.695717214387323 0.536514507430782 0.620112819018178
"47.6.11" 0.568745345405003 0.656587408290834 0.653780275773659 0.494577568817118 0.578175880404514
"54.6.15" 0.609795070608616 0.697637133494447 0.694830000977272 0.535627294020731 0.619225605608127
