"(Intercept)" "stageNREM" "stageIS" "stageREM"
"48.6.1" -1.63099148039853 -1.74071270457285 -1.845646208461 -1.90355905219758
"63.8.2" -3.13841886203002 -3.01822496593517 -3.12315846982332 -3.1810713135599
"64.8.3" -2.46366059091079 -2.56350980835513 -2.66844331224328 -2.72635615597986
"73.9.3" -1.50214763254429 -1.50314238666008 -1.60807589054823 -1.66598873428481
"49.6.4" -2.07120851141737 -2.00050643710017 -2.10543994098833 -2.1633527847249
"64.8.4" -2.08066643522534 -1.91385414873318 -2.01878765262133 -2.07670049635791
"74.9.4" -1.32712716274288 -1.37007743345637 -1.47501093734452 -1.5329237810811
"89.10.4" -2.20919663783798 -2.21468445545404 -2.3196179593422 -2.37753080307877
"92.10.4" -2.81244589548681 -2.94791476385352 -3.05284826774167 -3.11076111147825
"0.6.5" -2.0128824336358 -2.01896557395158 -2.12389907783973 -2.1818119215763
"44.6.5" -2.05173369210479 -2.13086174493256 -2.23579524882071 -2.29370809255729
"105.10.5" -1.90961332124676 -1.86228709362381 -1.96722059751196 -2.02513344124854
"44.6.6" -2.29330304562332 -2.1760533240531 -2.28098682794125 -2.33889967167783
"65.8.6" -3.0485157323078 -3.1755087561826 -3.28044226007076 -3.33835510380733
"76.9.6" -2.81683187634954 -2.78668491223628 -2.89161841612443 -2.94953125986101
"0.6.7" -2.39749729024844 -2.35418857539317 -2.45912207928132 -2.5170349230179
"44.6.7" -2.67668416870625 -2.83539132244077 -2.94032482632892 -2.9982376700655
"93.10.7" -3.01602319422857 -2.96607557222836 -3.07100907611651 -3.12892191985309
"0.6.8" -2.42339261564761 -2.40995702233572 -2.51489052622387 -2.57280336996045
"45.6.9" -1.0171534972274 -1.03414786643568 -1.13908137032383 -1.19699421406041
"94.10.9" -2.79444303962748 -2.84539157678096 -2.95032508066911 -3.00823792440569
"66.8.10" -2.86152592994548 -2.89885068311235 -3.0037841870005 -3.06169703073708
"109.10.10" -2.76957605805694 -2.88506624735055 -2.9899997512387 -3.04791259497528
"47.6.11" -2.45071262329338 -2.54884899175706 -2.65378249564521 -2.71169533938179
"54.6.15" -2.21419799170945 -2.07149879683715 -2.1764323007253 -2.23434514446188
