"(Intercept)" "stageNREM" "stageIS" "stageREM"
"48.6.1" 0.40986934289332 0.502675595094349 0.530406308323362 0.4481311207052
"73.9.3" 0.445716832274125 0.538523084475153 0.566253797704167 0.483978610086005
"49.6.4" 0.461410066234272 0.5542163184353 0.581947031664313 0.499671844046151
"74.9.4" 0.4326024076778 0.525408659878828 0.553139373107842 0.47086418548968
"89.10.4" 0.451105916216404 0.543912168417432 0.571642881646445 0.489367694028283
"92.10.4" 0.484584612129264 0.577390864330293 0.605121577559306 0.522846389941144
"0.6.5" 0.462329940946056 0.555136193147085 0.582866906376098 0.500591718757936
"105.10.5" 0.563363665292886 0.656169917493914 0.683900630722927 0.601625443104765
"0.6.7" 0.475269295182134 0.568075547383162 0.595806260612175 0.513531072994013
"93.10.7" 0.425386550144785 0.518192802345813 0.545923515574827 0.463648327956665
"0.6.8" 0.45144278444811 0.544249036649139 0.571979749878152 0.48970456225999
"45.6.9" 0.486663588584723 0.579469840785751 0.607200554014765 0.524925366396603
"109.10.10" 0.426178811089292 0.518985063290321 0.546715776519334 0.464440588901172
"54.6.15" 0.462086951656042 0.554893203857071 0.582623917086084 0.500348729467922
