"(Intercept)" "stageNREM" "stageIS" "stageREM" "stageAwakening"
"48.6.1" 1.53412929635523 1.5519052712057 1.57160961285845 1.70191215564422 1.59089014340365
"63.8.2" 1.50880427553712 1.5265802503876 1.54628459204034 1.67658713482611 1.56556512258555
"64.8.3" 1.45362627408937 1.47140224893984 1.49110659059259 1.62140913337836 1.51038712113779
"73.9.3" 1.51754780667173 1.5353237815222 1.55502812317495 1.68533066596072 1.57430865372015
"49.6.4" 1.52645496462618 1.54423093947666 1.5639352811294 1.69423782391517 1.58321581167461
"64.8.4" 1.47498445146171 1.49276042631218 1.51246476796493 1.6427673107507 1.53174529851013
"74.9.4" 1.49919492450055 1.51697089935102 1.53667524100377 1.66697778378954 1.55595577154897
"89.10.4" 1.53623086792499 1.55400684277546 1.57371118442821 1.70401372721398 1.59299171497341
"92.10.4" 1.5361617238284 1.55393769867887 1.57364204033162 1.70394458311739 1.59292257087682
"0.6.5" 1.39369027979624 1.41146625464672 1.43117059629946 1.56147313908523 1.45045112684467
"44.6.5" 1.46992419452187 1.48770016937234 1.50740451102509 1.63770705381086 1.52668504157029
"105.10.5" 1.52753007540766 1.54530605025813 1.56501039191088 1.69531293469665 1.58429092245608
"44.6.6" 1.51471695184853 1.532492926699 1.55219726835175 1.68249981113752 1.57147779889695
"65.8.6" 1.55811067764924 1.57588665249972 1.59559099415246 1.72589353693823 1.61487152469766
"76.9.6" 1.47382060075158 1.49159657560205 1.5113009172548 1.64160346004057 1.5305814478
"0.6.7" 1.53198233170904 1.54975830655951 1.56946264821226 1.69976519099803 1.58874317875746
"44.6.7" 1.48501679165086 1.50279276650133 1.52249710815408 1.65279965093985 1.54177763869928
"93.10.7" 1.55946185988091 1.57723783473138 1.59694217638413 1.7272447191699 1.61622270692933
"0.6.8" 1.53901638454406 1.55679235939454 1.57649670104728 1.70679924383305 1.59577723159249
"45.6.9" 1.50545441767893 1.5232303925294 1.54293473418215 1.67323727696792 1.56221526472735
"94.10.9" 1.47683150736294 1.49460748221341 1.51431182386616 1.64461436665193 1.53359235441136
"66.8.10" 1.52762051738007 1.54539649223054 1.56510083388329 1.69540337666906 1.58438136442849
"109.10.10" 1.49708028667441 1.51485626152489 1.53456060317763 1.6648631459634 1.55384113372284
"47.6.11" 1.50885705820787 1.52663303305834 1.54633737471109 1.67663991749686 1.56561790525629
"54.6.15" 1.54554246442905 1.56331843927952 1.58302278093227 1.71332532371804 1.60230331147747
