"(Intercept)" "stageNREM" "stageIS" "stageREM"
"48.6.1" -2.1806711802586 -2.20583050073362 -2.2166053710273 -2.33336839990414
"63.8.2" -2.08955887625418 -1.99041421354771 -2.00118908384139 -2.11795211271824
"64.8.3" -2.03044234597789 -2.08568611214509 -2.09646098243877 -2.21322401131561
"73.9.3" -1.78200182090216 -1.68137817134178 -1.69215304163545 -1.8089160705123
"49.6.4" -2.17787661156435 -2.18686345333302 -2.1976383236267 -2.31440135250354
"64.8.4" -2.2247577609465 -2.10589610115737 -2.11667097145104 -2.23343400032789
"74.9.4" -1.79177483443682 -1.72357119413551 -1.73434606442918 -1.85110909330603
"89.10.4" -2.29056770109585 -2.29919381943349 -2.30996868972716 -2.42673171860401
"92.10.4" -2.1849851556529 -2.33693432784403 -2.34770919813771 -2.46447222701456
"0.6.5" -2.24138389068741 -2.24068426823808 -2.25145913853175 -2.3682221674086
"44.6.5" -2.37667308268132 -2.38178150509393 -2.39255637538761 -2.50931940426446
"105.10.5" -1.94295183151204 -1.85905363083926 -1.86982850113294 -1.98659153000979
"44.6.6" -2.38329401360222 -2.24805387251369 -2.25882874280737 -2.37559177168422
"65.8.6" -2.27301912686928 -2.27660045434467 -2.28737532463835 -2.40413835351519
"76.9.6" -2.03450970974269 -2.07531658742665 -2.08609145772033 -2.20285448659717
"0.6.7" -2.30620992105415 -2.26536492597294 -2.27613979626662 -2.39290282514346
"44.6.7" -2.33478458613693 -2.39038468908016 -2.40115955937384 -2.51792258825068
"93.10.7" -2.05908734756075 -1.99870628466104 -2.00948115495472 -2.12624418383157
"0.6.8" -2.30850357873841 -2.2992261819873 -2.31000105228098 -2.42676408115782
"45.6.9" -2.08118179336197 -2.03689700797643 -2.04767187827011 -2.16443490714695
"94.10.9" -2.23257941123577 -2.33588600693777 -2.34666087723145 -2.46342390610829
"66.8.10" -2.22825619644935 -2.21769759588792 -2.22847246618159 -2.34523549505844
"109.10.10" -1.9837904710368 -1.91401559558962 -1.9247904658833 -2.04155349476015
"47.6.11" -2.21959094972105 -2.23180445756542 -2.2425793278591 -2.35934235673594
"54.6.15" -2.01992700707647 -1.97572561111809 -1.98650048141176 -2.10326351028861
