"(Intercept)" "stageNREM" "stageIS" "stageREM"
"48.6.1" -1.3499010042346 -2.03446794470112 -2.06184624663402 -2.50785832228605
"63.8.2" -2.99050188869243 -2.93568311822563 -2.96306142015854 -3.40907349581057
"64.8.3" -2.34048674934148 -2.34345361897009 -2.370831920903 -2.81684399655503
"73.9.3" -0.737997179559049 -0.961424638433527 -0.988802940366434 -1.43481501601847
"49.6.4" -2.36113493565279 -2.23911452008328 -2.26649282201619 -2.71250489766822
"64.8.4" -1.89098554585511 -1.86073640812123 -1.88811471005414 -2.33412678570617
"74.9.4" -1.54576780504803 -1.37081416542127 -1.39819246735418 -1.84420454300621
"89.10.4" -2.23862854053278 -2.14148795212534 -2.16886625405825 -2.61487832971028
"92.10.4" -2.16116941660253 -1.99769185595354 -2.02507015788644 -2.47108223353848
"0.6.5" -2.09406724678709 -2.24086783283405 -2.26824613476695 -2.71425821041898
"44.6.5" -1.25293797825395 -1.50492239614982 -1.53230069808272 -1.97831277373475
"105.10.5" -2.02217594838966 -1.84966351315924 -1.87704181509215 -2.32305389074418
"44.6.6" -1.50399291814167 -1.66639465322144 -1.69377295515435 -2.13978503080638
"65.8.6" -2.12875749408881 -2.296149773008 -2.32352807494091 -2.76954015059294
"76.9.6" -2.68318440387328 -2.47823510574909 -2.505613407682 -2.95162548333403
"0.6.7" -2.37808693401637 -2.43103852577184 -2.45841682770475 -2.90442890335678
"44.6.7" -1.8460073557517 -1.84511115357342 -1.87248945550632 -2.31850153115835
"93.10.7" -2.6096430303808 -2.67050675490986 -2.69788505684276 -3.14389713249479
"0.6.8" -2.57965490887188 -2.52888457784258 -2.55626287977549 -3.00227495542752
"45.6.9" -0.439555341028026 -0.613083574446961 -0.640461876379867 -1.0864739520319
"94.10.9" -2.13259323774325 -1.95133706269249 -1.9787153646254 -2.42472744027743
"66.8.10" -2.18551539617325 -2.24632688180258 -2.27370518373549 -2.71971725938752
"109.10.10" -2.49157389656057 -2.23467709667891 -2.26205539861182 -2.70806747426385
"47.6.11" -2.14051956633834 -2.42431137249849 -2.45168967443139 -2.89770175008342
"54.6.15" -2.29662716155696 -1.91642174629011 -1.94380004822301 -2.38981212387504
