"(Intercept)" "stageNREM" "stageIS" "stageREM" "stageAwakening"
"48.6.1" 1.46747040628184 1.54285977339098 1.54361081648205 1.65558506527774 1.42735778352337
"63.8.2" 1.46747040632916 1.5428597734383 1.54361081652937 1.65558506532506 1.42735778357069
"64.8.3" 1.46747040580774 1.54285977291688 1.54361081600795 1.65558506480364 1.42735778304927
"73.9.3" 1.46747040657891 1.54285977368805 1.54361081677911 1.65558506557481 1.42735778382044
"49.6.4" 1.46747040637234 1.54285977348148 1.54361081657255 1.65558506536824 1.42735778361387
"64.8.4" 1.46747040632199 1.54285977343112 1.54361081652219 1.65558506531788 1.42735778356352
"74.9.4" 1.46747040611178 1.54285977322092 1.54361081631199 1.65558506510768 1.42735778335332
"89.10.4" 1.4674704064153 1.54285977352444 1.5436108166155 1.65558506541119 1.42735778365683
"92.10.4" 1.46747040627143 1.54285977338057 1.54361081647163 1.65558506526733 1.42735778351296
"0.6.5" 1.46747040653062 1.54285977363976 1.54361081673082 1.65558506552651 1.42735778377215
"44.6.5" 1.46747040603777 1.5428597731469 1.54361081623797 1.65558506503366 1.4273577832793
"105.10.5" 1.46747040666621 1.54285977377535 1.54361081686642 1.65558506566211 1.42735778390775
"44.6.6" 1.46747040607286 1.54285977318199 1.54361081627306 1.65558506506875 1.42735778331439
"65.8.6" 1.46747040653243 1.54285977364156 1.54361081673263 1.65558506552832 1.42735778377396
"76.9.6" 1.4674704063484 1.54285977345754 1.5436108165486 1.6555850653443 1.42735778358993
"0.6.7" 1.46747040647173 1.54285977358087 1.54361081667194 1.65558506546763 1.42735778371326
"44.6.7" 1.46747040609121 1.54285977320035 1.54361081629142 1.65558506508711 1.42735778333274
"93.10.7" 1.46747040652293 1.54285977363207 1.54361081672314 1.65558506551883 1.42735778376446
"0.6.8" 1.46747040650449 1.54285977361363 1.5436108167047 1.65558506550039 1.42735778374602
"45.6.9" 1.46747040651383 1.54285977362296 1.54361081671403 1.65558506550972 1.42735778375536
"94.10.9" 1.46747040605019 1.54285977315933 1.5436108162504 1.65558506504609 1.42735778329172
"66.8.10" 1.46747040642894 1.54285977353807 1.54361081662914 1.65558506542483 1.42735778367047
"109.10.10" 1.4674704061611 1.54285977327024 1.5436108163613 1.655585065157 1.42735778340263
"47.6.11" 1.46747040631505 1.54285977342419 1.54361081651526 1.65558506531095 1.42735778355658
"54.6.15" 1.46747040608783 1.54285977319697 1.54361081628804 1.65558506508373 1.42735778332936
