"(Intercept)" "stageNREM" "stageIS" "stageREM"
"48.6.1" 1.49471050984948 1.7655145468524 1.84000948503921 2.00153965936847
"63.8.2" 2.72989322255303 2.7244156503763 2.79891058856311 2.96044076289237
"64.8.3" 1.21481555659501 1.28669942157253 1.36119435975934 1.52272453408859
"73.9.3" 1.63487472484015 1.68909565360087 1.76359059178768 1.92512076611694
"49.6.4" 1.79874231935141 1.76811641624733 1.84261135443414 2.0041415287634
"64.8.4" 2.03121832118499 2.02225539294815 2.09675033113496 2.25828050546422
"74.9.4" 1.59148701165179 1.65691163677147 1.73140657495828 1.89293674928753
"89.10.4" 2.37800988147298 2.38791814800412 2.46241308619093 2.62394326052019
"92.10.4" 1.61967222163501 1.60998804889404 1.68448298708085 1.84601316141011
"0.6.5" 1.60672325518439 1.65920447098019 1.733699409167 1.89522958349626
"44.6.5" 2.19831202018591 2.15293252088629 2.2274274590731 2.38895763340236
"105.10.5" 1.41411141836368 1.368497226614 1.44299216480081 1.60452233913007
"44.6.6" 2.19844951807443 2.27877719902081 2.35327213720762 2.51480231153688
"65.8.6" 1.91350410943517 1.95198367899336 2.02647861718017 2.18800879150943
"76.9.6" 1.86157545833399 1.87622291838143 1.95071785656824 2.1122480308975
"0.6.7" 1.86831258450339 1.86569068280698 1.94018562099379 2.10171579532305
"44.6.7" 2.55800754594763 2.45674680194137 2.53124174012818 2.69277191445744
"93.10.7" 1.22459237698 1.3051189684103 1.37961390659711 1.54114408092637
"0.6.8" 1.84436190835094 1.83258816889183 1.90708310707863 2.06861328140789
"45.6.9" 2.52830485825313 2.49642853483943 2.57092347302623 2.73245364735549
"94.10.9" 1.25443468037221 1.41815146021619 1.492646398403 1.65417657273225
"66.8.10" 1.10783712464758 1.25228232758891 1.32677726577572 1.48830744010498
"109.10.10" 1.5179827275651 1.46097272528392 1.53546766347073 1.69699783779998
"47.6.11" 1.21950053081167 1.33866646210741 1.41316140029422 1.57469157462347
"54.6.15" 1.69952790188426 1.62644083071423 1.70093576890104 1.8624659432303
