"(Intercept)" "stageNREM" "stageIS" "stageREM" "stageAwakening"
"48.6.1" 1.91380201536217 1.90424834074741 1.80685266401257 1.65929393770572 2.00252463266446
"63.8.2" 0.630015083695945 0.620461409081181 0.523065732346345 0.375507006039497 0.718737700998232
"73.9.3" 1.44893249503014 1.43937882041538 1.34198314368054 1.19442441737369 1.53765511233243
"49.6.4" 1.63440479061266 1.6248511159979 1.52745543926306 1.37989671295621 1.72312740791495
"74.9.4" 1.13728106478733 1.12772739017256 1.03033171343773 0.882772987130878 1.22600368208961
"89.10.4" 1.238883972778 1.22933029816323 1.1319346214284 0.984375895121551 1.32760659008029
"92.10.4" 0.674912873818519 0.665359199203755 0.56796352246892 0.420404796162072 0.763635491120807
"0.6.5" 0.709141693918044 0.699588019303281 0.602192342568445 0.454633616261597 0.797864311220332
"105.10.5" 0.903811773552269 0.894258098937506 0.79686242220267 0.649303695895822 0.992534390854557
"44.6.6" 1.38020397334498 1.37065029873021 1.27325462199538 1.12569589568853 1.46892659064726
"76.9.6" 0.153749317626054 0.14419564301129 0.0467999662764547 -0.100758760030394 0.242471934928342
"0.6.7" 0.428258275697358 0.418704601082594 0.321308924347758 0.17375019804091 0.516980892999645
"93.10.7" 1.22457808187869 1.21502440726393 1.11762873052909 0.970070004222245 1.31330069918098
"0.6.8" 0.233420457411275 0.223866782796511 0.126471106061676 -0.0210876202451725 0.322143074713563
"45.6.9" 1.74942785633227 1.7398741817175 1.64247850498267 1.49491977867582 1.83815047363455
"109.10.10" 0.906504020792673 0.896950346177909 0.799554669443073 0.651995943136225 0.99522663809496
"54.6.15" 1.13808728375985 1.12853360914509 1.03113793241025 0.883579206103404 1.22680990106214
