"(Intercept)" "stageNREM" "stageIS" "stageREM"
"48.6.1" 1.91806280344693 1.81551386668505 1.81727457918926 1.85423930493377
"63.8.2" 2.40627392219835 2.43414306637959 2.4359037788838 2.47286850462831
"64.8.3" 1.74319438565107 1.7001373314019 1.7018980439061 1.73886276965062
"73.9.3" 2.12856586310199 2.05289319501075 2.05465390751496 2.09161863325947
"49.6.4" 2.17306565795501 2.20508647827236 2.20684719077656 2.24381191652108
"64.8.4" 1.94245575986979 1.95375896501614 1.95551967752034 1.99248440326486
"74.9.4" 2.05589800088434 2.02254725214454 2.02430796464875 2.06127269039326
"89.10.4" 2.3212144266233 2.3410148404933 2.34277555299751 2.37974027874202
"92.10.4" 1.81959852704089 1.87347762043526 1.87523833293946 1.91220305868398
"0.6.5" 1.7438468699443 1.80370374289306 1.80546445539726 1.84242918114178
"44.6.5" 2.27190636666191 2.33827640944992 2.34003712195413 2.37700184769864
"105.10.5" 1.94396227548841 1.9393252684024 1.9410859809066 1.97805070665111
"44.6.6" 2.25698220353448 2.28480616005069 2.28656687255489 2.32353159829941
"65.8.6" 2.04860686954245 2.06441999280011 2.06618070530432 2.10314543104883
"76.9.6" 1.84376942557786 1.86868558947005 1.87044630197425 1.90741102771877
"0.6.7" 1.79494226042173 1.84142510695134 1.84318581945555 1.88015054520006
"44.6.7" 2.35716327198193 2.40326064182153 2.40502135432573 2.44198608007025
"93.10.7" 1.74572049528844 1.76830165384186 1.77006236634606 1.80702709209058
"0.6.8" 1.89148306741951 1.91932254096586 1.92108325347007 1.95804797921458
"45.6.9" 2.66904227905144 2.67511144065732 2.67687215316153 2.71383687890604
"94.10.9" 1.72474124905384 1.78335383258832 1.78511454509253 1.82207927083704
"66.8.10" 1.68776113077762 1.65799831387817 1.65975902638237 1.69672375212689
"109.10.10" 1.7224067485552 1.72122614400826 1.72298685651247 1.75995158225698
"47.6.11" 1.65866193574617 1.62812179912411 1.62988251162831 1.66684723737282
"54.6.15" 1.87825724205386 1.84952622421935 1.85128693672355 1.88825166246807
