"(Intercept)" "stageNREM" "stageIS" "stageREM"
"48.6.1" -2.35626559247879 -2.58937946257058 -2.68207613243512 -2.81555987883833
"63.8.2" -3.78215568818805 -3.8324365021308 -3.92513317199533 -4.05861691839855
"64.8.3" -2.84457884945751 -2.81248450820324 -2.90518117806777 -3.03866492447099
"73.9.3" -3.00427237802202 -2.98211195657038 -3.07480862643492 -3.20829237283813
"49.6.4" -3.32345419708383 -3.13958703565908 -3.23228370552362 -3.36576745192683
"64.8.4" -3.11575277351819 -3.10037334660988 -3.19307001647442 -3.32655376287763
"74.9.4" -2.80908041276027 -2.93722690873124 -3.02992357859577 -3.16340732499899
"89.10.4" -2.86516763676886 -2.92163484831013 -3.01433151817466 -3.14781526457788
"92.10.4" -3.32192992686937 -2.99712391226352 -3.08982058212806 -3.22330432853127
"0.6.5" -2.75948402851828 -2.73074333974339 -2.82344000960793 -2.95692375601114
"44.6.5" -3.28484445385935 -3.22810707911353 -3.32080374897807 -3.45428749538128
"105.10.5" -3.02079465820683 -2.95452480604682 -3.04722147591136 -3.18070522231457
"44.6.6" -2.91270517617114 -2.99064491485373 -3.08334158471827 -3.21682533112148
"65.8.6" -3.07942900200911 -3.06196402037958 -3.15466069024412 -3.28814443664733
"76.9.6" -3.95919105180021 -4.27768620952622 -4.37038287939076 -4.50386662579397
"0.6.7" -3.62976708648568 -3.51926704619638 -3.61196371606092 -3.74544746246413
"93.10.7" -3.44746336794232 -3.37412687343827 -3.4668235433028 -3.60030728970602
"0.6.8" -3.45498429892406 -3.57511063666178 -3.66780730652632 -3.80129105292953
"45.6.9" -2.2653734304804 -2.41734385768272 -2.51004052754725 -2.64352427395047
"94.10.9" -2.87295764614964 -2.84363796735843 -2.93633463722296 -3.06981838362618
"66.8.10" -3.45676040814783 -3.46483381274842 -3.55753048261296 -3.69101422901618
"109.10.10" -3.17531327723752 -3.12186048872982 -3.21455715859436 -3.34804090499757
"47.6.11" -3.37472817258697 -3.37421799916665 -3.46691466903119 -3.6003984154344
"54.6.15" -3.79696085133094 -3.36307465737486 -3.4557713272394 -3.58925507364261
