"(Intercept)" "stageNREM" "stageIS" "stageREM" "stageAwakening"
"48.6.1" -2.86031352078807 -2.80009420296843 -3.03448388438963 -3.0719686689411 -2.94115715155485
"63.8.2" -3.51424448404196 -3.45402516622232 -3.68841484764352 -3.72589963219499 -3.59508811480873
"64.8.3" -3.26876920580777 -3.20854988798813 -3.44293956940933 -3.4804243539608 -3.34961283657454
"73.9.3" -4.07870358386154 -4.0184842660419 -4.2528739474631 -4.29035873201457 -4.15954721462832
"64.8.4" -3.41140878100378 -3.35118946318414 -3.58557914460534 -3.62306392915681 -3.49225241177055
"74.9.4" -3.2101643991935 -3.14994508137386 -3.38433476279506 -3.42181954734653 -3.29100802996027
"89.10.4" -2.86434271519546 -2.80412339737582 -3.03851307879702 -3.07599786334849 -2.94518634596224
"92.10.4" -3.33599559631957 -3.27577627849993 -3.51016595992113 -3.5476507444726 -3.41683922708635
"0.6.5" -3.0182152123156 -2.95799589449596 -3.19238557591716 -3.22987036046863 -3.09905884308237
"44.6.5" -3.10026301411834 -3.0400436962987 -3.2744333777199 -3.31191816227137 -3.18110664488511
"105.10.5" -2.96512216145396 -2.90490284363432 -3.13929252505552 -3.17677730960699 -3.04596579222074
"44.6.6" -3.31382158716967 -3.25360226935003 -3.48799195077123 -3.5254767353227 -3.39466521793644
"65.8.6" -3.42346379896324 -3.3632444811436 -3.5976341625648 -3.63511894711627 -3.50430742973002
"76.9.6" -3.88663418943734 -3.8264148716177 -4.0608045530389 -4.09828933759037 -3.96747782020411
"0.6.7" -3.26490722807446 -3.20468791025482 -3.43907759167602 -3.47656237622749 -3.34575085884123
"93.10.7" -3.61030497487944 -3.5500856570598 -3.784475338481 -3.82196012303247 -3.69114860564621
"0.6.8" -3.77455706071272 -3.71433774289308 -3.94872742431428 -3.98621220886575 -3.8554006914795
"45.6.9" -2.99984112716892 -2.93962180934928 -3.17401149077048 -3.21149627532195 -3.08068475793569
"66.8.10" -2.98424125812859 -2.92402194030895 -3.15841162173015 -3.19589640628162 -3.06508488889537
"109.10.10" -3.34579355019608 -3.28557423237644 -3.51996391379764 -3.55744869834911 -3.42663718096286
"54.6.15" -3.10753852427194 -3.0473192064523 -3.2817088878735 -3.31919367242497 -3.18838215503872
