"(Intercept)" "stageNREM" "stageIS" "stageREM"
"48.6.1" 1.49119610912736 1.53714672954488 1.55682079943283 1.72063519814102
"63.8.2" 1.44163277549502 1.43003408436006 1.44970815424801 1.6135225529562
"64.8.3" 1.47249479915015 1.49608344349559 1.51575751338354 1.67957191209173
"73.9.3" 1.46379701002009 1.49288723158209 1.51256130147003 1.67637570017822
"49.6.4" 1.4921605457141 1.54382466190069 1.56349873178863 1.72731313049682
"64.8.4" 1.49045228071547 1.53199632786253 1.55167039775047 1.71548479645866
"74.9.4" 1.44040089331857 1.45438840895993 1.47406247884788 1.63787687755607
"89.10.4" 1.48120218958873 1.61356363160399 1.63323770149194 1.79705210020013
"92.10.4" 1.6006950582323 1.46096802696738 1.48064209685533 1.64445649556352
"0.6.5" 1.47472740546226 1.55098230573024 1.57065637561819 1.73447077432638
"105.10.5" 1.43682228324674 1.51440970585712 1.53408377574507 1.69789817445326
"44.6.6" 1.49138767325306 1.53847315399915 1.55814722388709 1.72196162259529
"65.8.6" 1.49357846218961 1.55364257055303 1.57331664044097 1.73713103914917
"76.9.6" 1.42782476261303 1.57581457574669 1.59548864563464 1.75930304434283
"0.6.7" 1.57460771413132 1.54058600219355 1.56026007208149 1.72407447078969
"44.6.7" 1.44616448036423 1.44008237283374 1.45975644272168 1.62357084142988
"93.10.7" 1.61740191324303 1.5347364068233 1.55441047671124 1.71822487541944
"0.6.8" 1.50583770233611 1.52849518331985 1.5481692532078 1.71198365191599
"45.6.9" 1.4250258173954 1.50768187836473 1.52735594825267 1.69117034696086
"66.8.10" 1.57183976594766 1.55220810595885 1.57188217584679 1.73569657455499
"109.10.10" 1.48603407259541 1.53289972228515 1.5525737921731 1.71638819088129
"47.6.11" 1.46407307739252 1.52028746796032 1.53996153784826 1.70377593655645
"54.6.15" 1.4571236655808 1.54984129076828 1.56951536065623 1.73332975936442
