"(Intercept)" "stageNREM" "stageIS" "stageREM"
"48.6.1" -2.0836619628277 -0.942526433382277 -1.06678836724829 -2.26458291316915
"73.9.3" -2.25398648905042 -1.17674412163799 -1.301006055504 -2.49880060142487
"49.6.4" -2.58614415646261 -1.41495430777996 -1.53921624164597 -2.73701078756684
"74.9.4" -2.76236879250782 -1.09406216788345 -1.21832410174946 -2.41611864767032
"89.10.4" -2.20216233881562 -1.75863503054623 -1.88289696441224 -3.08069151033311
"92.10.4" -2.18714975518329 -2.1599671327882 -2.28422906665422 -3.48202361257508
"0.6.5" -2.21770744080436 -1.34306709011008 -1.4673290239761 -2.66512356989696
"105.10.5" -1.8709794930777 -1.07003409773465 -1.19429603160066 -2.39209057752152
"0.6.7" -1.95800985157436 -1.38197081556995 -1.50623274943596 -2.70402729535682
"93.10.7" -2.26098039967552 -1.30305174143989 -1.42731367530591 -2.62510822122677
"0.6.8" -2.19349919619857 -1.29735466394979 -1.4216165978158 -2.61941114373666
"45.6.9" -2.23670364435382 -0.835240689815939 -0.959502623681951 -2.15729716960281
"66.8.10" -2.21123742981534 -1.51603019728386 -1.64029213114987 -2.83808667707073
"109.10.10" -2.02101957555022 -1.57049779019448 -1.69475972406049 -2.89255426998135
"54.6.15" -2.198371970392 -1.85996312736011 -1.98422506122612 -3.18201960714698
