"(Intercept)" "stageNREM" "stageIS" "stageREM" "stageAwakening"
"48.6.1" -2.76028644894068 -2.18352918515931 -2.22780710646061 -2.97955708256545 -2.72978146272357
"63.8.2" -3.51952906159865 -2.94277179781728 -2.98704971911858 -3.73879969522341 -3.48902407538154
"64.8.3" -2.79147967100614 -2.21472240722477 -2.25900032852607 -3.01075030463091 -2.76097468478903
"73.9.3" -3.8125101154641 -3.23575285168274 -3.28003077298403 -4.03178074908887 -3.78200512924699
"49.6.4" -2.73815389043284 -2.16139662665147 -2.20567454795277 -2.95742452405761 -2.70764890421573
"64.8.4" -2.58119389090888 -2.00443662712752 -2.04871454842882 -2.80046452453365 -2.55068890469177
"74.9.4" -2.96771847916302 -2.39096121538166 -2.43523913668295 -3.18698911278779 -2.93721349294591
"89.10.4" -3.59317226218871 -3.01641499840734 -3.06069291970864 -3.81244289581347 -3.56266727597159
"92.10.4" -3.54750889389702 -2.97075163011565 -3.01502955141695 -3.76677952752179 -3.51700390767991
"0.6.5" -1.57560241787545 -0.998845154094087 -1.04312307539538 -1.79487305150022 -1.54509743165834
"44.6.5" -1.61552515923629 -1.03876789545492 -1.08304581675622 -1.83479579286106 -1.58502017301918
"105.10.5" -2.74052539504653 -2.16376813126517 -2.20804605256646 -2.9597960286713 -2.71002040882942
"44.6.6" -1.91551941206896 -1.33876214828759 -1.38304006958889 -2.13479004569372 -1.88501442585185
"65.8.6" -2.83219829717079 -2.25544103338942 -2.29971895469072 -3.05146893079556 -2.80169331095368
"76.9.6" -3.9173053378352 -3.34054807405383 -3.38482599535513 -4.13657597145997 -3.88680035161809
"0.6.7" -2.19650314879148 -1.61974588501011 -1.66402380631141 -2.41577378241625 -2.16599816257437
"44.6.7" -2.29587441323416 -1.71911714945279 -1.76339507075409 -2.51514504685893 -2.26536942701705
"93.10.7" -2.70144183091952 -2.12468456713815 -2.16896248843945 -2.92071246454428 -2.67093684470241
"0.6.8" -2.25220166399508 -1.67544440021371 -1.71972232151501 -2.47147229761985 -2.22169667777797
"45.6.9" -2.9862977130327 -2.40954044925134 -2.45381837055263 -3.20556834665747 -2.95579272681559
"94.10.9" -2.78908766985179 -2.21233040607042 -2.25660832737172 -3.00835830347656 -2.75858268363468
"66.8.10" -2.33452218051842 -1.75776491673705 -1.80204283803835 -2.55379281414319 -2.30401719430131
"109.10.10" -3.23700548024683 -2.66024821646546 -2.70452613776676 -3.45627611387159 -3.20650049402972
"47.6.11" -2.85146257133177 -2.2747053075504 -2.3189832288517 -3.07073320495653 -2.82095758511466
"54.6.15" -3.40618057971213 -2.82942331593077 -2.87370123723206 -3.6254512133369 -3.37567559349502
