"(Intercept)" "stageNREM" "stageIS" "stageREM" "stageAwakening"
"48.6.1" -0.936687399818023 -0.911241835315264 -0.999062519240432 -0.928932872974903 -1.03548516005871
"63.8.2" -1.017005952571 -0.991560388068246 -1.07938107199341 -1.00925142572788 -1.11580371281169
"64.8.3" -1.1330904347643 -1.10764487026154 -1.19546555418671 -1.12533590792118 -1.23188819500499
"73.9.3" -1.15310674984084 -1.12766118533808 -1.21548186926325 -1.14535222299772 -1.25190451008153
"64.8.4" -1.01817016112695 -0.992724596624193 -1.08054528054936 -1.01041563428383 -1.11696792136764
"74.9.4" -1.09192914115808 -1.06648357665532 -1.15430426058049 -1.08417461431496 -1.19072690139877
"89.10.4" -1.04412624673801 -1.01868068223526 -1.10650136616042 -1.03637171989489 -1.1429240069787
"92.10.4" -1.0224592155903 -0.997013651087546 -1.08483433501271 -1.01470468874718 -1.12125697583099
"0.6.5" -0.875714158761906 -0.850268594259147 -0.938089278184316 -0.867959631918786 -0.974511919002594
"44.6.5" -0.961553860247062 -0.936108295744304 -1.02392897966947 -0.953799333403942 -1.06035162048775
"105.10.5" -0.902736103549604 -0.877290539046845 -0.965111222972013 -0.894981576706484 -1.00153386379029
"44.6.6" -1.02494029184773 -0.999494727344975 -1.08731541127014 -1.01718576500461 -1.12373805208842
"65.8.6" -1.08543729218011 -1.05999172767735 -1.14781241160252 -1.07768276533699 -1.18423505242079
"76.9.6" -1.05312740500863 -1.02768184050587 -1.11550252443104 -1.04537287816551 -1.15192516524932
"0.6.7" -1.09987379804439 -1.07442823354163 -1.1622489174668 -1.09211927120127 -1.19867155828508
"93.10.7" -1.0487816904577 -1.02333612595494 -1.11115680988011 -1.04102716361458 -1.14757945069839
"0.6.8" -1.0634262052322 -1.03798064072944 -1.12580132465461 -1.05567167838908 -1.16222396547289
"45.6.9" -1.00502154635107 -0.979575981848316 -1.06739666577348 -0.997267019507955 -1.10381930659176
"66.8.10" -1.01086034284192 -0.985414778339164 -1.07323546226433 -1.0031058159988 -1.10965810308261
"109.10.10" -1.04339665254139 -1.01795108803863 -1.1057717719638 -1.03564212569827 -1.14219441278208
"54.6.15" -0.992894991477194 -0.967449426974435 -1.0552701108996 -0.985140464634074 -1.09169275171788
