"(Intercept)" "stageNREM" "stageIS" "stageREM"
"48.6.1" -3.17947477352556 -2.55067446819714 -2.67151810643601 -3.10602500540407
"73.9.3" -3.2239818571058 -2.74170083571727 -2.86254447395614 -3.2970513729242
"49.6.4" -3.11800763655904 -2.64736634725688 -2.76820998549575 -3.20271688446381
"74.9.4" -2.82785939936441 -2.66898444276039 -2.78982808099926 -3.22433497996732
"89.10.4" -2.87553451907158 -2.47006885564898 -2.59091249388785 -3.0254193928559
"92.10.4" -2.95337772284496 -2.5506737132031 -2.67151735144197 -3.10602425041003
"0.6.5" -3.06040681748985 -2.66149989339366 -2.78234353163253 -3.21685043060059
"105.10.5" -2.2900042027585 -1.93788744529437 -2.05873108353325 -2.4932379825013
"0.6.7" -3.04913657211105 -2.61448582482064 -2.73532946305951 -3.16983636202757
"93.10.7" -3.14135359014625 -2.72524233169905 -2.84608596993792 -3.28059286890598
"0.6.8" -2.68021065151501 -2.34477891826392 -2.46562255650279 -2.90012945547085
"45.6.9" -2.64122636599238 -2.22744812079711 -2.34829175903598 -2.78279865800404
"109.10.10" -3.15886842170403 -2.81657603713501 -2.93741967537388 -3.37192657434194
"54.6.15" -3.22292843865308 -2.82978731590861 -2.95063095414748 -3.38513785311553
