"(Intercept)" "stageNREM" "stageIS" "stageREM"
"48.6.1" -0.780591435260704 -0.773681669397989 -0.736543182283435 -0.660842533644747
"63.8.2" -1.35476143718528 -1.35604612481913 -1.31890763770458 -1.24320698906589
"64.8.3" -1.16446170101325 -1.16303032950322 -1.12589184238867 -1.05019119374998
"73.9.3" -1.13415990317207 -1.1322951085684 -1.09515662145385 -1.01945597281516
"49.6.4" -1.04181627971759 -1.03863413631689 -1.00149564920234 -0.925795000563649
"64.8.4" -1.28378593212563 -1.28405677692866 -1.2469182898141 -1.17121764117542
"74.9.4" -1.03121534688129 -1.02788060804296 -0.990742120928407 -0.915041472289719
"89.10.4" -1.23129816577082 -1.2308196368697 -1.19368114975514 -1.11798050111646
"92.10.4" -1.28790440795608 -1.28823329309979 -1.25109480598524 -1.17539415734655
"0.6.5" -0.967012034318877 -0.962762329506099 -0.925623842391545 -0.849923193752857
"44.6.5" -1.17697125577884 -1.17571754981205 -1.13857906269749 -1.0628784140588
"105.10.5" -0.957111026037315 -0.952720764489814 -0.91558227737526 -0.839881628736572
"44.6.6" -1.31726507860288 -1.31801262973979 -1.28087414262523 -1.20517349398655
"65.8.6" -1.09942228117567 -1.09706210448829 -1.05992361737374 -0.984222968735052
"76.9.6" -1.33460342740702 -1.33559924082162 -1.29846075370706 -1.22276010506838
"0.6.7" -0.969039709477861 -0.964819579853315 -0.927681092738761 -0.851980444100073
"93.10.7" -0.989062855390433 -0.985127468703473 -0.947988981588919 -0.872288332950231
"0.6.8" -1.10677743126908 -1.10452300464856 -1.067384517534 -0.991683868895314
"45.6.9" -1.06140659333621 -1.05850493260866 -1.0213664454941 -0.945665796855414
"94.10.9" -1.36302790086081 -1.36442959397156 -1.32729110685701 -1.25159045821832
"66.8.10" -1.33045075521942 -1.33138739513882 -1.29424890802427 -1.21854825938558
"109.10.10" -1.06610193415409 -1.06326656671399 -1.02612807959944 -0.950427430960751
"47.6.11" -1.16777002409574 -1.16638522612058 -1.12924673900603 -1.05354609036734
"54.6.15" -1.17263396465691 -1.17131730298901 -1.13417881587446 -1.05847816723577
