"(Intercept)" "stageNREM" "stageIS" "stageREM"
"48.6.1" 0.425898123401317 0.698439936448028 0.737169205781616 0.578091392617381
"73.9.3" 0.599162961236966 0.659800645546667 0.698529914880256 0.53945210171602
"49.6.4" 0.443345237098013 0.836969252016027 0.875698521349616 0.716620708185381
"74.9.4" 0.28396910971547 0.684073453904845 0.722802723238434 0.563724910074199
"89.10.4" 0.591098620188249 0.695174642247522 0.733903911581111 0.574826098416875
"92.10.4" 0.759902621049949 0.315395923681468 0.354125193015057 0.195047379850821
"0.6.5" 0.67198410815276 0.513196805152774 0.551926074486362 0.392848261322127
"105.10.5" 0.715349360087924 0.668854237383303 0.707583506716891 0.548505693552656
"0.6.7" 0.763357715931942 0.720720940703681 0.75945021003727 0.600372396873035
"93.10.7" 0.625756798410584 0.749970594259271 0.78869986359286 0.629622050428625
"0.6.8" 0.634748240118433 0.717077779660367 0.755807048993956 0.596729235829721
"45.6.9" 0.525726821319378 0.84224946202693 0.880978731360519 0.721900918196283
"66.8.10" 0.610847336356542 0.650743573780941 0.689472843114529 0.530395029950294
"109.10.10" 0.769858470725101 0.652148213528475 0.690877482862064 0.531799669697829
"54.6.15" 0.566574164326094 0.750350268259429 0.789079537593018 0.630001724428783
