"(Intercept)" "stageNREM" "stageIS" "stageREM" "stageAwakening"
"48.6.1" -2.38590645111824 -2.17870786113977 -2.27904235885849 -2.55275523672328 -1.69341090242094
"63.8.2" -3.74207212006602 -3.53487353008754 -3.63520802780626 -3.90892090567106 -3.04957657136871
"73.9.3" -2.98259963657816 -2.77540104659968 -2.8757355443184 -3.1494484221832 -2.29010408788085
"49.6.4" -3.12278022732326 -2.91558163734479 -3.01591613506351 -3.28962901292831 -2.43028467862596
"74.9.4" -2.988344471865 -2.78114588188653 -2.88148037960525 -3.15519325747005 -2.2958489231677
"89.10.4" -2.42537201454286 -2.21817342456438 -2.3185079222831 -2.5922208001479 -1.73287646584555
"92.10.4" -2.50601347492454 -2.29881488494607 -2.39914938266479 -2.67286226052958 -1.81351792622724
"0.6.5" -3.12000503419609 -2.91280644421762 -3.01314094193633 -3.28685381980113 -2.42750948549879
"105.10.5" -2.68485115308115 -2.47765256310267 -2.57798706082139 -2.85169993868619 -1.99235560438384
"44.6.6" -2.66831400504728 -2.4611154150688 -2.56144991278752 -2.83516279065232 -1.97581845634997
"76.9.6" -4.18352958434964 -3.97633099437117 -4.07666549208988 -4.35037836995468 -3.49103403565234
"0.6.7" -3.03656313713568 -2.82936454715721 -2.92969904487593 -3.20341192274072 -2.34406758843838
"93.10.7" -3.75720949384113 -3.55001090386266 -3.65034540158138 -3.92405827944618 -3.06471394514383
"0.6.8" -3.24345880146946 -3.03626021149099 -3.13659470920971 -3.41030758707451 -2.55096325277216
"45.6.9" -1.8587882096286 -1.65158961965012 -1.75192411736884 -2.02563699523364 -1.16629266093129
"109.10.10" -2.91877070073143 -2.71157211075296 -2.81190660847167 -3.08561948633647 -2.22627515203412
"54.6.15" -3.07280898100012 -2.86561039102165 -2.96594488874037 -3.23965776660516 -2.38031343230282
