"(Intercept)" "stageNREM" "stageIS" "stageREM"
"48.6.1" -2.60774648058868 -2.59816758601185 -2.67938115060464 -2.80513343883389
"63.8.2" -3.2965062538707 -3.28692736006958 -3.36814092466237 -3.49389321289162
"64.8.3" -3.00808396427519 -2.99850507014924 -3.07971863474203 -3.20547092297128
"73.9.3" -2.28590298817073 -2.27632409323142 -2.35753765782421 -2.48328994605347
"49.6.4" -2.84756444810569 -2.83798555379895 -2.91919911839174 -3.04495140662099
"64.8.4" -2.59757856388957 -2.58799966930129 -2.66921323389408 -2.79496552212333
"74.9.4" -2.42569796682367 -2.41611907204181 -2.49733263663459 -2.62308492486385
"89.10.4" -2.78783116169163 -2.77825226731761 -2.8594658319104 -2.98521812013966
"92.10.4" -2.12716053389836 -2.11758163878027 -2.19879520337306 -2.32454749160231
"0.6.5" -2.70556638437756 -2.69598748991089 -2.77720105450368 -2.90295334273294
"44.6.5" -2.19484330623192 -2.18526441119006 -2.26647797578285 -2.3922302640121
"105.10.5" -2.54661451417579 -2.53703561953011 -2.6182491841229 -2.74400147235216
"44.6.6" -2.198885832406 -2.18930693736869 -2.27052050196148 -2.39627279019073
"65.8.6" -2.8928742828924 -2.88329538863669 -2.96450895322948 -3.09026124145873
"76.9.6" -3.00302004100483 -2.99344114687317 -3.07465471146596 -3.20040699969521
"0.6.7" -2.81171172877361 -2.8021328344265 -2.88334639901929 -3.00909868724854
"44.6.7" -2.40807169321038 -2.39849279840867 -2.47970636300146 -2.60545865123071
"93.10.7" -2.74978415974524 -2.74020526532837 -2.82141882992116 -2.94717111815042
"0.6.8" -2.97881729749047 -2.96923840333156 -3.05045196792435 -3.1762042561536
"45.6.9" -2.03211933943916 -2.02254044421403 -2.10375400880682 -2.22950629703607
"94.10.9" -2.50475306260535 -2.49517416791252 -2.57638773250531 -2.70214002073456
"66.8.10" -3.00235226772529 -2.99277337359288 -3.07398693818567 -3.19973922641492
"109.10.10" -2.87468964663047 -2.86511075235429 -2.94632431694708 -3.07207660517633
"47.6.11" -2.90436974324681 -2.89479084900405 -2.97600441359683 -3.10175670182609
"54.6.15" -3.09374958966176 -3.08417069563229 -3.16538426022508 -3.29113654845433
