"(Intercept)" "stageNREM" "stageIS" "stageREM"
"48.6.1" -2.40286038814854 -1.73876939662674 -1.76086417388349 -2.15456526951065
"73.9.3" -2.8079086313309 -2.35427502235038 -2.37636979960713 -2.77007089523429
"49.6.4" -2.7542489682144 -2.25921977253074 -2.28131454978749 -2.67501564541465
"74.9.4" -2.51841768666099 -1.91455613184135 -1.93665090909811 -2.33035200472527
"89.10.4" -2.67539888675844 -2.1439816414217 -2.16607641867845 -2.55977751430561
"0.6.5" -2.42214776174581 -1.77385917852966 -1.79595395578641 -2.18965505141357
"105.10.5" -2.03957317955561 -1.24776576972907 -1.26986054698583 -1.66356164261299
"0.6.7" -2.64008808781067 -2.01307753435311 -2.03517231160986 -2.42887340723702
"93.10.7" -2.75992004030289 -2.288840155686 -2.31093493294276 -2.70463602856991
"0.6.8" -2.36674510176838 -1.692889078355 -1.71498385561176 -2.10868495123892
"45.6.9" -2.1812712306978 -1.42182198651351 -1.44391676377027 -1.83761785939743
"109.10.10" -2.72788446400085 -2.23589034587279 -2.25798512312955 -2.6516862187567
"54.6.15" -3.56887414269597 -3.44978141721418 -3.47187619447093 -3.86557729009809
