"(Intercept)" "stageNREM" "stageIS" "stageREM" "stageAwakening"
"48.6.1" 0.57955314606283 0.637299419899382 0.656297305607106 0.536408723589726 0.511136212797922
"63.8.2" 0.604987703503689 0.662733977340241 0.681731863047966 0.561843281030586 0.536570770238781
"64.8.3" 0.616087961245507 0.673834235082059 0.692832120789784 0.572943538772404 0.547671027980599
"73.9.3" 0.559999502547174 0.617745776383726 0.63674366209145 0.51685508007407 0.491582569282266
"49.6.4" 0.567724405829789 0.625470679666341 0.644468565374066 0.524579983356686 0.499307472564882
"64.8.4" 0.612028856984662 0.669775130821214 0.688773016528939 0.568884434511559 0.543611923719755
"74.9.4" 0.596433299339096 0.654179573175648 0.673177458883373 0.553288876865993 0.528016366074188
"89.10.4" 0.605223062367506 0.662969336204058 0.681967221911783 0.562078639894403 0.536806129102598
"92.10.4" 0.615899891865981 0.673646165702533 0.692644051410257 0.572755469392877 0.547482958601073
"0.6.5" 0.641025888090943 0.698772161927494 0.717770047635219 0.597881465617839 0.572608954826035
"44.6.5" 0.633415438448361 0.691161712284913 0.710159597992637 0.590271015975257 0.564998505183453
"105.10.5" 0.602353743899095 0.660100017735647 0.679097903443372 0.559209321425992 0.533936810634187
"44.6.6" 0.661312034816634 0.719058308653186 0.738056194360911 0.618167612343531 0.592895101551726
"65.8.6" 0.64328783855021 0.701034112386762 0.720031998094487 0.600143416077107 0.574870905285302
"76.9.6" 0.586597327436868 0.64434360127342 0.663341486981144 0.543452904963764 0.51818039417196
"0.6.7" 0.647945935682412 0.705692209518964 0.724690095226688 0.604801513209309 0.579529002417504
"44.6.7" 0.634174160341543 0.691920434178095 0.71091831988582 0.59102973786844 0.565757227076635
"93.10.7" 0.620809376899458 0.67855565073601 0.697553536443735 0.577664954426355 0.55239244363455
"0.6.8" 0.641504056203422 0.699250330039974 0.718248215747698 0.598359633730318 0.573087122938514
"45.6.9" 0.577111071442508 0.63485734527906 0.653855230986784 0.533966648969404 0.5086941381776
"94.10.9" 0.619300461981098 0.67704673581765 0.696044621525374 0.576156039507994 0.55088352871619
"66.8.10" 0.625309774468159 0.683056048304711 0.702053934012436 0.582165351995056 0.556892841203251
"109.10.10" 0.640681233039017 0.698427506875569 0.717425392583293 0.597536810565913 0.572264299774109
"47.6.11" 0.610146656394929 0.667892930231481 0.686890815939205 0.567002233921825 0.541729723130021
"54.6.15" 0.577467424008043 0.635213697844595 0.65421158355232 0.53432300153494 0.509050490743135
