"(Intercept)" "stageNREM" "stageIS" "stageREM"
"48.6.1" -2.1852856892774 -2.20058320295635 -2.20406626981972 -2.37015328269315
"63.8.2" -2.11278027639856 -2.07005995972176 -2.07354302658513 -2.23963003945856
"64.8.3" -2.31355006127564 -2.33092504076073 -2.33440810762411 -2.50049512049754
"73.9.3" -1.80912047550136 -1.80421358271513 -1.80769664957851 -1.97378366245194
"49.6.4" -2.22357060913607 -2.20182428982977 -2.20530735669315 -2.37139436956658
"64.8.4" -2.24814724763704 -2.26348188780182 -2.26696495466519 -2.43305196753862
"74.9.4" -1.80185170017089 -1.7722317718345 -1.77571483869787 -1.9418018515713
"89.10.4" -2.3684659724014 -2.37905146138439 -2.38253452824777 -2.5486215411212
"92.10.4" -2.19924830572146 -2.26058310810991 -2.26406617497329 -2.43015318784672
"0.6.5" -2.21978086861558 -2.24749189859399 -2.25097496545737 -2.4170619783308
"44.6.5" -2.20575317608344 -2.26976680912476 -2.27324987598814 -2.43933688886157
"105.10.5" -1.94308912754722 -1.88284089671335 -1.88632396357673 -2.05241097645015
"44.6.6" -2.36324215104492 -2.25672318886159 -2.26020625572497 -2.42629326859839
"65.8.6" -2.24831501037672 -2.20921594966812 -2.2126990165315 -2.37878602940493
"76.9.6" -2.27560235040038 -2.37339995949833 -2.37688302636171 -2.54297003923514
"0.6.7" -2.29938137860875 -2.26610295296033 -2.26958601982371 -2.43567303269714
"44.6.7" -2.15084276838348 -2.09491214236651 -2.09839520922989 -2.26448222210332
"93.10.7" -2.09626403575382 -1.99686579265121 -2.00034885951459 -2.16643587238802
"0.6.8" -2.2999707634585 -2.28629238283641 -2.28977544969979 -2.45586246257322
"45.6.9" -2.06130057115855 -2.04475406490446 -2.04823713176783 -2.21432414464126
"94.10.9" -2.25061139573141 -2.23958984453833 -2.24307291140171 -2.40915992427513
"66.8.10" -2.11578767706983 -2.12891200859221 -2.13239507545558 -2.29848208832901
"109.10.10" -1.93107035059191 -1.85458454773804 -1.85806761460141 -2.02415462747484
"47.6.11" -2.38354870934757 -2.35049414951255 -2.35397721637592 -2.52006422924935
"54.6.15" -1.98071512555152 -1.95801208923611 -1.96149515609949 -2.12758216897292
