"(Intercept)" "stageNREM" "stageIS" "stageREM" "stageAwakening"
"48.6.1" -2.36627368004945 -2.29276000124185 -2.25323908471607 -2.35862685969015 -2.39426663405008
"63.8.2" -2.44460090865332 -2.37108722984573 -2.33156631331995 -2.43695408829402 -2.47259386265396
"73.9.3" -2.20821157297129 -2.13469789416369 -2.09517697763791 -2.20056475261199 -2.23620452697192
"49.6.4" -2.52470027816071 -2.45118659935311 -2.41166568282733 -2.51705345780141 -2.55269323216134
"74.9.4" -2.2567387767102 -2.1832250979026 -2.14370418137682 -2.2490919563509 -2.28473173071083
"89.10.4" -2.41150521481479 -2.3379915360072 -2.29847061948142 -2.40385839445549 -2.43949816881543
"92.10.4" -2.44829594222412 -2.37478226341652 -2.33526134689074 -2.44064912186482 -2.47628889622475
"0.6.5" -2.51143137049673 -2.43791769168913 -2.39839677516335 -2.50378455013743 -2.53942432449736
"105.10.5" -2.11252007170867 -2.03900639290107 -1.99948547637529 -2.10487325134937 -2.1405130257093
"44.6.6" -2.48973799476807 -2.41622431596047 -2.37670339943469 -2.48209117440877 -2.5177309487687
"76.9.6" -2.45520267038683 -2.38168899157923 -2.34216807505345 -2.44755585002753 -2.48319562438746
"0.6.7" -2.37904175719349 -2.30552807838589 -2.26600716186011 -2.37139493683419 -2.40703471119412
"93.10.7" -2.50906854419273 -2.43555486538513 -2.39603394885935 -2.50142172383343 -2.53706149819336
"0.6.8" -2.33277414041012 -2.25926046160252 -2.21973954507674 -2.32512732005081 -2.36076709441075
"45.6.9" -2.07922490433253 -2.00571122552493 -1.96619030899915 -2.07157808397323 -2.10721785833316
"109.10.10" -2.15236236583307 -2.07884868702547 -2.03932777049969 -2.14471554547377 -2.18035531983371
"54.6.15" -2.17981892018692 -2.10630524137932 -2.06678432485354 -2.17217209982762 -2.20781187418755
