"(Intercept)" "stageNREM" "stageIS" "stageREM" "stageAwakening"
"48.6.1" 2.50645680156681 2.51796209940827 2.53059603563484 2.59131673086463 2.52481908479172
"63.8.2" 2.84348688010656 2.85499217794802 2.86762611417459 2.92834680940438 2.86184916333147
"64.8.3" 1.96966710024381 1.98117239808527 1.99380633431183 2.05452702954162 1.98802938346871
"73.9.3" 2.26102326226633 2.27252856010779 2.28516249633435 2.34588319156415 2.27938554549124
"49.6.4" 2.37894142420226 2.39044672204372 2.40308065827028 2.46380135350008 2.39730370742717
"64.8.4" 2.40917838030907 2.42068367815053 2.43331761437709 2.49403830960688 2.42754066353397
"74.9.4" 2.12079602129691 2.13230131913837 2.14493525536493 2.20565595059472 2.13915830452181
"89.10.4" 2.68998209849583 2.70148739633729 2.71412133256385 2.77484202779365 2.70834438172074
"92.10.4" 1.95508923501534 1.96659453285681 1.97922846908337 2.03994916431316 1.97345151824025
"0.6.5" 1.97785317980277 1.98935847764423 2.00199241387079 2.06271310910058 1.99621546302767
"44.6.5" 2.56617480664912 2.57768010449058 2.59031404071714 2.65103473594694 2.58453708987403
"105.10.5" 1.87296851399835 1.88447381183982 1.89710774806638 1.95782844329617 1.89133079722326
"44.6.6" 2.6149376949329 2.62644299277436 2.63907692900092 2.69979762423072 2.63329997815781
"65.8.6" 2.30684005794446 2.31834535578592 2.33097929201248 2.39169998724227 2.32520234116936
"76.9.6" 2.03132017431423 2.04282547215569 2.05545940838225 2.11618010361204 2.04968245753913
"0.6.7" 2.08547677292791 2.09698207076937 2.10961600699593 2.17033670222573 2.10383905615282
"44.6.7" 2.6939652563545 2.70547055419596 2.71810449042253 2.77882518565232 2.71232753957941
"93.10.7" 1.93970944566837 1.95121474350984 1.9638486797364 2.02456937496619 1.95807172889328
"0.6.8" 2.03045399418433 2.04195929202579 2.05459322825236 2.11531392348215 2.04881627740924
"45.6.9" 2.89616511317229 2.90767041101375 2.92030434724031 2.98102504247011 2.9145273963972
"94.10.9" 2.05969997042469 2.07120526826615 2.08383920449271 2.1445598997225 2.07806225364959
"66.8.10" 2.07440918001587 2.08591447785733 2.09854841408389 2.15926910931369 2.09277146324078
"109.10.10" 1.91946478123256 1.93097007907402 1.94360401530058 2.00432471053037 1.93782706445746
"47.6.11" 1.89370820146607 1.90521349930753 1.91784743553409 1.97856813076389 1.91207048469098
"54.6.15" 2.11205852452807 2.12356382236953 2.13619775859609 2.19691845382588 2.13042080775297
