"(Intercept)" "stageNREM" "stageIS" "stageREM"
"48.6.1" -2.18965842795182 -2.25165916507978 -2.25393128143546 -2.41479875064249
"63.8.2" -2.24963802613174 -2.24079757976399 -2.24306969611967 -2.40393716532669
"64.8.3" -2.04578348301801 -2.01907772524103 -2.02134984159672 -2.18221731080374
"73.9.3" -1.76751563660437 -1.68977665273996 -1.69204876909564 -1.85291623830266
"49.6.4" -2.27824672776784 -2.2479702409588 -2.25024235731448 -2.4111098265215
"64.8.4" -2.23969355556391 -2.12128031945504 -2.12355243581073 -2.28441990501775
"74.9.4" -2.17758063242039 -1.85946471005623 -1.86173682641191 -2.02260429561893
"89.10.4" -2.19789460600483 -2.08247300793466 -2.08474512429034 -2.24561259349737
"92.10.4" -2.19487969396247 -2.22370160624969 -2.22597372260537 -2.38684119181239
"0.6.5" -2.22705654263853 -2.24597373296994 -2.24824584932562 -2.40911331853264
"44.6.5" -2.35527230778466 -2.35373961777518 -2.35601173413086 -2.51687920333788
"105.10.5" -1.98910889910392 -1.92561648230559 -1.92788859866128 -2.0887560678683
"44.6.6" -2.31265719266937 -2.23905375473146 -2.24132587108714 -2.40219334029416
"65.8.6" -2.12204848971094 -2.10049484861362 -2.1027669649693 -2.26363443417632
"76.9.6" -2.27618394267925 -2.22987744308345 -2.23214955943913 -2.39301702864615
"0.6.7" -2.30227773461062 -2.27225589250505 -2.27452800886073 -2.43539547806775
"44.6.7" -2.30473416953517 -2.24053138551892 -2.24280350187461 -2.40367097108163
"93.10.7" -2.1963524397049 -2.17414073645627 -2.17641285281195 -2.33728032201898
"0.6.8" -2.2879226946084 -2.27042516383816 -2.27269728019384 -2.43356474940086
"45.6.9" -2.13250696225049 -2.05727873323267 -2.05955084958835 -2.22041831879537
"94.10.9" -2.18838471618687 -2.22756269846271 -2.22983481481839 -2.39070228402541
"66.8.10" -2.10193941035074 -2.03886313763469 -2.04113525399037 -2.20200272319739
"109.10.10" -1.97278561145399 -1.83921756149433 -1.84148967785001 -2.00235714705703
"47.6.11" -2.20887403522168 -2.26139753215774 -2.26366964851342 -2.42453711772044
"54.6.15" -2.04548016942655 -2.04568562074403 -2.04795773709971 -2.20882520630673
