"(Intercept)" "stageNREM" "stageIS" "stageREM" "stageAwakening"
"48.6.1" -1.74586893020724 -1.69866068047393 -1.78049013409738 -1.90807944669649 -1.6991110194277
"63.8.2" -3.20655781297074 -3.15934956323742 -3.24117901686087 -3.36876832945998 -3.1597999021912
"64.8.3" -3.56157573739075 -3.51436748765743 -3.59619694128089 -3.72378625387999 -3.51481782661121
"73.9.3" -2.19643142125347 -2.14922317152016 -2.23105262514361 -2.35864193774272 -2.14967351047393
"49.6.4" -2.79381864270138 -2.74661039296806 -2.82843984659151 -2.95602915919062 -2.74706073192184
"64.8.4" -2.50199859704916 -2.45479034731585 -2.5366198009393 -2.66420911353841 -2.45524068626962
"74.9.4" -1.89841175653203 -1.85120350679872 -1.93303296042217 -2.06062227302128 -1.85165384575249
"89.10.4" -2.17566291940718 -2.12845466967387 -2.21028412329732 -2.33787343589643 -2.12890500862764
"92.10.4" -2.32934386636947 -2.28213561663615 -2.3639650702596 -2.49155438285871 -2.28258595558993
"0.6.5" -2.9203220106853 -2.87311376095198 -2.95494321457543 -3.08253252717454 -2.87356409990576
"44.6.5" -2.49413930911248 -2.44693105937917 -2.52876051300262 -2.65634982560173 -2.44738139833294
"105.10.5" -2.46485396805936 -2.41764571832605 -2.4994751719495 -2.62706448454861 -2.41809605727982
"65.8.6" -2.69580471478498 -2.64859646505166 -2.73042591867511 -2.85801523127422 -2.64904680400544
"76.9.6" -3.69741299680133 -3.65020474706801 -3.73203420069146 -3.85962351329057 -3.65065508602179
"0.6.7" -2.76054971104951 -2.7133414613162 -2.79517091493965 -2.92276022753876 -2.71379180026997
"93.10.7" -3.37548848174303 -3.32828023200972 -3.41010968563317 -3.53769899823228 -3.32873057096349
"0.6.8" -2.66755076922609 -2.62034251949277 -2.70217197311623 -2.82976128571534 -2.62079285844655
"45.6.9" -1.35397496029187 -1.30676671055855 -1.388596164182 -1.51618547678111 -1.30721704951233
"66.8.10" -3.06801317424448 -3.02080492451117 -3.10263437813462 -3.23022369073373 -3.02125526346494
"109.10.10" -3.04253376726876 -2.99532551753544 -3.07715497115889 -3.204744283758 -2.99577585648922
"47.6.11" -3.14869342029228 -3.10148517055896 -3.18331462418241 -3.31090393678152 -3.10193550951274
"54.6.15" -1.78563221445985 -1.73842396472653 -1.82025341834998 -1.94784273094909 -1.73887430368031
