"(Intercept)" "stageNREM" "stageIS" "stageREM" "stageAwakening"
"48.6.1" 0.596179793162884 0.66656494877469 0.684642630635838 0.532501644188386 0.512193917393657
"63.8.2" 0.632698552896307 0.703083708508112 0.721161390369261 0.569020403921809 0.548712677127079
"64.8.3" 0.626465387886351 0.696850543498156 0.714928225359304 0.562787238911852 0.542479512117123
"73.9.3" 0.615313827051721 0.685698982663526 0.703776664524674 0.551635678077222 0.531327951282493
"49.6.4" 0.697609957182699 0.767995112794504 0.786072794655652 0.6339318082082 0.613624081413471
"64.8.4" 0.641065922276428 0.711451077888233 0.729528759749381 0.577387773301929 0.5570800465072
"74.9.4" 0.625146141097915 0.69553129670972 0.713608978570868 0.561467992123416 0.541160265328687
"89.10.4" 0.544742462321481 0.615127617933287 0.633205299794435 0.481064313346983 0.460756586552253
"92.10.4" 0.571955575733566 0.642340731345372 0.66041841320652 0.508277426759068 0.487969699964339
"0.6.5" 0.62085489309592 0.691240048707725 0.709317730568873 0.557176744121421 0.536869017326692
"44.6.5" 0.625304442063838 0.695689597675644 0.713767279536792 0.56162629308934 0.541318566294611
"105.10.5" 0.640935413047935 0.711320568659741 0.729398250520889 0.577257264073437 0.556949537278708
"44.6.6" 0.610964746184961 0.681349901796767 0.699427583657915 0.547286597210463 0.526978870415734
"65.8.6" 0.715115544947278 0.785500700559083 0.803578382420232 0.65143739597278 0.63112966917805
"76.9.6" 0.526036181755903 0.596421337367708 0.614499019228856 0.462358032781404 0.442050305986675
"0.6.7" 0.707909828532267 0.778294984144072 0.79637266600522 0.644231679557768 0.623923952763039
"44.6.7" 0.646417150487763 0.716802306099569 0.734879987960717 0.582739001513265 0.562431274718536
"93.10.7" 0.658021305246343 0.728406460858148 0.746484142719297 0.594343156271845 0.574035429477115
"0.6.8" 0.650672239724887 0.721057395336693 0.739135077197841 0.586994090750389 0.56668636395566
"45.6.9" 0.659642271105204 0.73002742671701 0.748105108578158 0.595964122130706 0.575656395335977
"94.10.9" 0.622775787346114 0.69316094295792 0.711238624819068 0.559097638371616 0.538789911576887
"66.8.10" 0.613255949656527 0.683641105268333 0.701718787129481 0.549577800682029 0.5292700738873
"109.10.10" 0.661657445283567 0.732042600895373 0.750120282756521 0.597979296309069 0.57767156951434
"47.6.11" 0.654514243274605 0.724899398886411 0.742977080747559 0.590836094300107 0.570528367505378
"54.6.15" 0.633846719131401 0.704231874743207 0.722309556604355 0.570168570156903 0.549860843362174
