"(Intercept)" "stageNREM" "stageIS" "stageREM" "stageAwakening"
"48.6.1" -2.29795107949086 -2.2307566158112 -2.22245095873126 -2.37270910696602 -1.9552229143108
"63.8.2" -3.53120329061585 -3.46400882693619 -3.45570316985626 -3.60596131809101 -3.18847512543579
"64.8.3" -2.32233226450744 -2.25513780082778 -2.24683214374784 -2.3970902919826 -1.97960409932738
"73.9.3" -3.36054276932887 -3.29334830564921 -3.28504264856928 -3.43530079680403 -3.01781460414881
"49.6.4" -2.82223454339283 -2.75504007971317 -2.74673442263324 -2.89699257086799 -2.47950637821277
"64.8.4" -2.24543405702036 -2.1782395933407 -2.16993393626077 -2.32019208449552 -1.9027058918403
"74.9.4" -1.99560915507194 -1.92841469139228 -1.92010903431234 -2.0703671825471 -1.65288098989188
"89.10.4" -2.82977992500579 -2.76258546132613 -2.7542798042462 -2.90453795248095 -2.48705175982573
"92.10.4" -3.50456151741207 -3.4373670537324 -3.42906139665247 -3.57931954488723 -3.161833352232
"0.6.5" -2.57423936924812 -2.50704490556845 -2.49873924848852 -2.64899739672328 -2.23151120406806
"44.6.5" -2.83007705968923 -2.76288259600957 -2.75457693892963 -2.90483508716439 -2.48734889450917
"105.10.5" -3.00934406444744 -2.94214960076777 -2.93384394368784 -3.08410209192259 -2.66661589926737
"44.6.6" -2.76355907855796 -2.6963646148783 -2.68805895779836 -2.83831710603312 -2.4208309133779
"65.8.6" -3.55060253398145 -3.48340807030179 -3.47510241322186 -3.62536056145661 -3.20787436880139
"76.9.6" -3.8251413456667 -3.75794688198704 -3.7496412249071 -3.89989937314186 -3.48241318048664
"0.6.7" -2.52392940197478 -2.45673493829512 -2.44842928121519 -2.59868742944994 -2.18120123679472
"44.6.7" -2.67929086469047 -2.6120964010108 -2.60379074393087 -2.75404889216563 -2.3365626995104
"93.10.7" -2.65828001517444 -2.59108555149477 -2.58277989441484 -2.73303804264959 -2.31555184999437
"0.6.8" -3.10238285272657 -3.03518838904691 -3.02688273196698 -3.17714088020173 -2.75965468754651
"45.6.9" -2.64592702669321 -2.57873256301354 -2.57042690593361 -2.72068505416837 -2.30319886151315
"94.10.9" -3.11238406943308 -3.04518960575341 -3.03688394867348 -3.18714209690824 -2.76965590425301
"66.8.10" -3.44015141692095 -3.37295695324129 -3.36465129616136 -3.51490944439611 -3.09742325174089
"109.10.10" -2.50383258929947 -2.4366381256198 -2.42833246853987 -2.57859061677463 -2.16110442411941
"47.6.11" -2.79565761521426 -2.7284631515346 -2.72015749445466 -2.87041564268942 -2.4529294500342
"54.6.15" -2.5480876316152 -2.48089316793553 -2.4725875108556 -2.62284565909036 -2.20535946643514
