"(Intercept)" "stageNREM" "stageIS" "stageREM" "stageAwakening"
"48.6.1" -1.60212357189102 -1.01061606525001 -1.07993080090198 -2.06578940168378 -1.80633660082725
"63.8.2" -2.67148314160681 -2.0799756349658 -2.14929037061776 -3.13514897139956 -2.87569617054304
"64.8.3" -2.14323988853184 -1.55173238189083 -1.6210471175428 -2.6069057183246 -2.34745291746807
"73.9.3" -1.92982139602726 -1.33831388938626 -1.40762862503822 -2.39348722582002 -2.1340344249635
"49.6.4" -2.36299051894413 -1.77148301230312 -1.84079774795508 -2.82665634873688 -2.56720354788036
"64.8.4" -1.41786773569161 -0.826360229050599 -0.895674964702567 -1.88153356548437 -1.62208076462784
"74.9.4" -1.91882751116822 -1.32732000452721 -1.39663474017918 -2.38249334096098 -2.12304054010445
"89.10.4" -2.44485287833996 -1.85334537169895 -1.92266010735092 -2.90851870813272 -2.64906590727619
"92.10.4" -2.9908534242899 -2.3993459176489 -2.46866065330086 -3.45451925408266 -3.19506645322614
"0.6.5" -1.61934574473496 -1.02783823809395 -1.09715297374592 -2.08301157452772 -1.82355877367119
"44.6.5" -0.889870717852762 -0.298363211211753 -0.36767794686372 -1.35353654764552 -1.09408374678899
"105.10.5" -1.95080944642779 -1.35930193978678 -1.42861667543875 -2.41447527622055 -2.15502247536403
"44.6.6" -1.18358241553249 -0.592074908891482 -0.661389644543449 -1.64724824532525 -1.38779544446872
"65.8.6" -1.41949623939484 -0.827988732753835 -0.897303468405802 -1.8831620691876 -1.62370926833108
"76.9.6" -3.6353370940927 -3.04382958745169 -3.11314432310366 -4.09900292388546 -3.83955012302893
"0.6.7" -1.90389659308845 -1.31238908644745 -1.38170382209941 -2.36756242288121 -2.10810962202469
"44.6.7" -1.64830903960185 -1.05680153296084 -1.12611626861281 -2.1119748693946 -1.85252206853808
"93.10.7" -2.56512753994946 -1.97362003330846 -2.04293476896042 -3.02879336974222 -2.7693405688857
"0.6.8" -2.1884489139758 -1.59694140733479 -1.66625614298676 -2.65211474376856 -2.39266194291203
"45.6.9" -0.487228460917661 0.104279045723349 0.0349643100713809 -0.950894290710418 -0.691441489853892
"94.10.9" -2.05622432295106 -1.46471681631006 -1.53403155196202 -2.51989015274382 -2.2604373518873
"66.8.10" -2.41868394976101 -1.82717644312 -1.89649117877196 -2.88234977955376 -2.62289697869724
"109.10.10" -2.12011605788286 -1.52860855124185 -1.59792328689382 -2.58378188767562 -2.32432908681909
"47.6.11" -2.18486427714622 -1.59335677050521 -1.66267150615718 -2.64853010693898 -2.38907730608245
"54.6.15" -2.76216268644454 -2.17065517980353 -2.2399699154555 -3.2258285162373 -2.96637571538077
