"(Intercept)" "stageNREM" "stageIS" "stageREM"
"48.6.1" 1.73336707071357 1.49862677583278 1.38815534201842 1.22277320885931
"63.8.2" 0.301051990612572 0.290501313721386 0.180029879907026 0.0146477467479194
"64.8.3" 0.887346167701744 0.826533900216744 0.716062466402384 0.550680333243278
"73.9.3" 1.52936303601124 1.50961084053631 1.39913940672195 1.23375727356285
"49.6.4" 1.25094031784456 1.20904904726515 1.09857761345079 0.933195480291682
"64.8.4" 1.11667756680678 1.0614178169586 0.950946383144244 0.785564249985138
"74.9.4" 1.22147812985094 1.14811976767446 1.0376483338601 0.872266200700994
"89.10.4" 1.03585906288593 0.992073504532943 0.881602070718582 0.716219937559476
"92.10.4" 0.656022261767432 0.711239371943436 0.600767938129076 0.43538580496997
"0.6.5" 0.589909042383136 0.589140293848964 0.478668860034603 0.313286726875497
"44.6.5" 1.3865383198745 1.29390014478074 1.18342871096638 1.01804657780727
"105.10.5" 0.925368396543388 0.98220547395171 0.87173404013735 0.706351906978244
"44.6.6" 1.25171988167314 1.13280551113837 1.02233407732401 0.856951944164905
"65.8.6" 1.15233856776349 1.09324435626968 0.982772922455325 0.817390789296219
"76.9.6" 0.133258147653872 0.2310634448435 0.12059201102914 -0.0447901221299661
"0.6.7" 0.373647346831831 0.426729266252908 0.316257832438548 0.150875699279442
"44.6.7" 1.04744417739163 1.08638464844848 0.975913214634117 0.810531081475011
"93.10.7" 1.16956436874636 1.12807550201384 1.01760406819948 0.852221935040374
"0.6.8" 0.0697241110559129 0.149354123115086 0.0388826893007254 -0.126499443858381
"45.6.9" 1.62409096149673 1.53599159782638 1.42552016401202 1.26013803085291
"94.10.9" 1.29899699903701 1.19698352589548 1.08651209208112 0.921129958922014
"66.8.10" 1.34133632773653 1.26827623924906 1.1578048054347 0.992422672275596
"109.10.10" 0.83739546294689 0.854676975340449 0.744205541526089 0.578823408366983
"47.6.11" 0.718169783828732 0.722528369482048 0.612056935667688 0.446674802508582
"54.6.15" 0.89749875933901 0.948209477835605 0.837738044021245 0.672355910862138
