"(Intercept)" "stageNREM" "stageIS" "stageREM"
"48.6.1" 1.59719764741217 1.48768237379042 1.57983122898776 1.63503349008418
"73.9.3" 1.63893084275898 1.52941556815245 1.62156442334979 1.67676668444621
"49.6.4" 1.67044666720583 1.56093139185561 1.65308024705295 1.70828250814937
"74.9.4" 1.58487711891916 1.47536184558814 1.56751070078548 1.6227129618819
"89.10.4" 1.56487352339252 1.45535825053354 1.54750710573088 1.60270936682729
"0.6.5" 1.55568939315502 1.44617412051276 1.5383229757101 1.59352523680651
"105.10.5" 1.60425890911609 1.49474363532772 1.58689249052506 1.64209475162148
"0.6.7" 1.59183521814846 1.48231994465325 1.57446879985059 1.62967106094701
"93.10.7" 1.59128218242097 1.48176690893882 1.57391576413616 1.62911802523257
"0.6.8" 1.56647786840483 1.45696259550799 1.54911145070533 1.60431371180175
"45.6.9" 1.54737809340233 1.43786282095619 1.53001167615353 1.58521393724995
"109.10.10" 1.56596471610441 1.45644944321968 1.54859829841702 1.60380055951343
"54.6.15" 1.57785360032726 1.46833832716198 1.56048718235932 1.61568944345574
