"(Intercept)" "stageNREM" "stageIS" "stageREM" "stageAwakening"
"48.6.1" 1.72612169322057 1.75535986230025 1.82510056270263 2.00994634390404 1.70306444293953
"63.8.2" 2.65233453362449 2.68157270270416 2.75131340310654 2.93615918430795 2.62927728334344
"64.8.3" 1.31581473484068 1.34505290392036 1.41479360432273 1.59963938552414 1.29275748455964
"73.9.3" 1.6676516406214 1.69688980970108 1.76663051010345 1.95147629130486 1.64459439034036
"49.6.4" 1.73790024602598 1.76713841510565 1.83687911550803 2.02172489670944 1.71484299574494
"64.8.4" 1.98741198583974 2.01665015491942 2.08639085532179 2.2712366365232 1.9643547355587
"74.9.4" 1.62669650868326 1.65593467776294 1.72567537816531 1.91052115936672 1.60363925840222
"89.10.4" 2.33645163454259 2.36568980362226 2.43543050402464 2.62027628522605 2.31339438426154
"92.10.4" 1.57563625456108 1.60487442364075 1.67461512404313 1.85946090524454 1.55257900428004
"0.6.5" 1.63934881623842 1.6685869853181 1.73832768572047 1.92317346692188 1.61629156595738
"44.6.5" 2.2183284301351 2.24756659921477 2.31730729961715 2.50215308081856 2.19527117985405
"105.10.5" 1.37900295635133 1.40824112543101 1.47798182583338 1.66282760703479 1.35594570607029
"65.8.6" 1.92212395971821 1.95136212879789 2.02110282920026 2.20594861040167 1.89906670943717
"76.9.6" 1.77115776937877 1.80039593845845 1.87013663886082 2.05498242006223 1.74810051909773
"0.6.7" 1.86253928321298 1.89177745229266 1.96151815269503 2.14636393389644 1.83948203293194
"93.10.7" 1.23473259819823 1.26397076727791 1.33371146768028 1.51855724888169 1.21167534791719
"0.6.8" 1.82002720220401 1.84926537128368 1.91900607168606 2.10385185288747 1.79696995192297
"45.6.9" 2.4673991428415 2.49663731192117 2.56637801232355 2.75122379352496 2.44434189256046
"66.8.10" 1.2336296197792 1.26286778885888 1.33260848926125 1.51745427046266 1.21057236949816
"109.10.10" 1.43858360963326 1.46782177871293 1.53756247911531 1.72240826031672 1.41552635935222
"47.6.11" 1.32629482601791 1.35553299509758 1.42527369549996 1.61011947670137 1.30323757573687
"54.6.15" 1.62497657658934 1.65421474566902 1.72395544607139 1.9088012272728 1.6019193263083
