"(Intercept)" "stageNREM" "stageIS" "stageREM" "stageAwakening"
"48.6.1" -2.20803552250963 -2.17872987234722 -2.19306464246748 -2.37416216140886 -2.37194352454321
"63.8.2" -2.02581989831956 -1.99651424815715 -2.01084901827741 -2.19194653721879 -2.18972790035314
"64.8.3" -2.58605961285791 -2.5567539626955 -2.57108873281575 -2.75218625175713 -2.74996761489148
"73.9.3" -1.80173271960632 -1.77242706944391 -1.78676183956417 -1.96785935850555 -1.9656407216399
"49.6.4" -2.21017006642553 -2.18086441626312 -2.19519918638337 -2.37629670532476 -2.37407806845911
"64.8.4" -2.47864825615495 -2.44934260599254 -2.46367737611279 -2.64477489505417 -2.64255625818852
"74.9.4" -1.79632244356725 -1.76701679340484 -1.78135156352509 -1.96244908246647 -1.96023044560082
"89.10.4" -2.27698151949069 -2.24767586932828 -2.26201063944853 -2.44310815838991 -2.44088952152426
"92.10.4" -2.08911667113894 -2.05981102097653 -2.07414579109679 -2.25524331003817 -2.25302467317252
"0.6.5" -2.36556657074929 -2.33626092058689 -2.35059569070714 -2.53169320964852 -2.52947457278287
"44.6.5" -2.30472363606411 -2.2754179859017 -2.28975275602196 -2.47085027496334 -2.46863163809769
"105.10.5" -1.94750330841623 -1.91819765825382 -1.93253242837407 -2.11362994731545 -2.1114113104498
"65.8.6" -2.07501893019713 -2.04571328003472 -2.06004805015497 -2.24114556909635 -2.2389269322307
"76.9.6" -2.57411159462284 -2.54480594446043 -2.55914071458068 -2.74023823352207 -2.73801959665642
"0.6.7" -2.28839467254465 -2.25908902238224 -2.27342379250249 -2.45452131144387 -2.45230267457822
"93.10.7" -2.24094879377714 -2.21164314361473 -2.22597791373498 -2.40707543267636 -2.40485679581071
"0.6.8" -2.30806385977546 -2.27875820961305 -2.2930929797333 -2.47419049867468 -2.47197186180903
"45.6.9" -2.03401856954803 -2.00471291938562 -2.01904768950587 -2.20014520844726 -2.1979265715816
"66.8.10" -2.49117767443405 -2.46187202427165 -2.4762067943919 -2.65730431333328 -2.65508567646763
"109.10.10" -1.98951116556309 -1.96020551540068 -1.97454028552093 -2.15563780446231 -2.15341916759666
"47.6.11" -2.47683683001586 -2.44753117985345 -2.46186594997371 -2.64296346891509 -2.64074483204944
"54.6.15" -1.98315240028534 -1.95384675012293 -1.96818152024318 -2.14927903918456 -2.14706040231891
