"(Intercept)" "stageNREM" "stageIS" "stageREM"
"48.6.1" -1.04293756787792 -0.1454395414144 -0.1044447858179 -1.42440952823654
"73.9.3" -1.40931857306765 -0.511820546604134 -0.470825791007634 -1.79079053342627
"49.6.4" -1.41570986474493 -0.518211838281416 -0.477217082684915 -1.79718182510355
"74.9.4" -1.31984735401918 -0.422349327555662 -0.381354571959162 -1.7013193143778
"89.10.4" -1.47380992058388 -0.576311894120362 -0.535317138523862 -1.8552818809425
"0.6.5" -1.56053581180055 -0.663037785337032 -0.622043029740532 -1.94200777215917
"105.10.5" -1.26314471541037 -0.365646688946853 -0.324651933350352 -1.64461667576899
"0.6.7" -1.37166666785607 -0.474168641392554 -0.433173885796054 -1.75313862821469
"93.10.7" -1.35975245896774 -0.462254432504226 -0.421259676907726 -1.74122441932636
"0.6.8" -1.41102652559113 -0.513528499127608 -0.472533743531108 -1.79249848594975
"45.6.9" -1.29806163285658 -0.400563606393065 -0.359568850796565 -1.6795335932152
"109.10.10" -1.41335164131709 -0.515853614853573 -0.474858859257073 -1.79482360167571
"54.6.15" -1.45694128375767 -0.559443257294155 -0.518448501697655 -1.83841324411629
