"(Intercept)" "stageNREM" "stageIS" "stageREM" "stageAwakening"
"48.6.1" -2.26050412992764 -2.19714015422932 -2.18164103121561 -2.35005196136248 -2.2868388393367
"63.8.2" -2.15357724577022 -2.09021327007191 -2.07471414705819 -2.24312507720506 -2.17991195517928
"64.8.3" -2.00926689380371 -1.9459029181054 -1.93040379509169 -2.09881472523855 -2.03560160321277
"73.9.3" -2.22372650258708 -2.16036252688877 -2.14486340387505 -2.31327433402192 -2.25006121199614
"49.6.4" -2.44220975370936 -2.37884577801105 -2.36334665499733 -2.5317575851442 -2.46854446311842
"64.8.4" -2.07292061660916 -2.00955664091085 -1.99405751789714 -2.16246844804401 -2.09925532601823
"74.9.4" -1.86687198302879 -1.80350800733048 -1.78800888431676 -1.95641981446363 -1.89320669243785
"89.10.4" -2.04966524312748 -1.98630126742917 -1.97080214441545 -2.13921307456232 -2.07599995253654
"92.10.4" -2.25852792389633 -2.19516394819802 -2.1796648251843 -2.34807575533117 -2.28486263330539
"0.6.5" -2.31085172943086 -2.24748775373255 -2.23198863071884 -2.40039956086571 -2.33718643883993
"44.6.5" -2.35875393302171 -2.2953899573234 -2.27989083430969 -2.44830176445656 -2.38508864243078
"105.10.5" -2.04890452305019 -1.98554054735188 -1.97004142433816 -2.13845235448503 -2.07523923245925
"44.6.6" -2.20374781876209 -2.14038384306377 -2.12488472005006 -2.29329565019693 -2.23008252817115
"65.8.6" -2.3313237191197 -2.26795974342139 -2.25246062040768 -2.42087155055454 -2.35765842852877
"76.9.6" -2.19756700000825 -2.13420302430994 -2.11870390129622 -2.28711483144309 -2.22390170941731
"0.6.7" -2.30887679976015 -2.24551282406184 -2.23001370104813 -2.398424631195 -2.33521150916922
"44.6.7" -2.30584313650695 -2.24247916080864 -2.22698003779493 -2.3953909679418 -2.33217784591602
"93.10.7" -2.27121243946667 -2.20784846376836 -2.19234934075464 -2.36076027090151 -2.29754714887573
"0.6.8" -2.33701559918372 -2.2736516234854 -2.25815250047169 -2.42656343061856 -2.36335030859278
"45.6.9" -2.26893911531935 -2.20557513962104 -2.19007601660733 -2.3584869467542 -2.29527382472842
"94.10.9" -2.41623014622088 -2.35286617052257 -2.33736704750886 -2.50577797765573 -2.44256485562995
"66.8.10" -2.41077382034734 -2.34740984464903 -2.33191072163532 -2.50032165178219 -2.43710852975641
"109.10.10" -1.96088182971325 -1.89751785401493 -1.88201873100122 -2.05042966114809 -1.98721653912231
"47.6.11" -2.37126262452939 -2.30789864883108 -2.29239952581737 -2.46081045596423 -2.39759733393846
"54.6.15" -2.07507440560084 -2.01171042990253 -1.99621130688882 -2.16462223703569 -2.10140911500991
