"(Intercept)" "stageNREM" "stageIS" "stageREM"
"48.6.1" -0.986299219016858 -0.965698633987379 -0.974054881252573 -0.982667815888285
"63.8.2" -1.093834114025 -1.06171406178451 -1.07007030904971 -1.07868324368542
"64.8.3" -0.981958049232485 -0.961792125990024 -0.970148373255219 -0.978761307890931
"73.9.3" -1.33508069850866 -1.27719119433749 -1.28554744160268 -1.29416037623839
"49.6.4" -1.08210606185999 -1.05123709471963 -1.05959334198483 -1.06820627662054
"64.8.4" -1.0536729877047 -1.02584136274706 -1.03419761001226 -1.04281054464797
"74.9.4" -1.00308950967009 -0.980651738429967 -0.989007985695161 -0.997620920330873
"89.10.4" -1.14866966213922 -1.11068716932848 -1.11904341659367 -1.12765635122939
"92.10.4" -1.12771763553513 -1.09195226184682 -1.10030850911201 -1.10892144374773
"0.6.5" -1.10415922203767 -1.07093323030744 -1.07928947757264 -1.08790241220835
"44.6.5" -1.19977855135295 -1.15632604049172 -1.16468228775692 -1.17329522239263
"105.10.5" -1.01944256091974 -0.995294781900861 -1.00365102916606 -1.01226396380177
"44.6.6" -1.10215962087274 -1.06915421098501 -1.0775104582502 -1.08612339288591
"65.8.6" -1.03919221407878 -1.01289248222614 -1.02124872949133 -1.02986166412704
"76.9.6" -1.15517972439607 -1.11651203577458 -1.12486828303978 -1.13348121767549
"0.6.7" -1.04938202196629 -1.0220116471253 -1.0303678943905 -1.03898082902621
"44.6.7" -1.17267130289469 -1.13212424384595 -1.14048049111115 -1.14909342574686
"93.10.7" -0.997339760345585 -0.975517744615235 -0.98387399188043 -0.992486926516142
"0.6.8" -1.08937817191799 -1.05774102415952 -1.06609727142472 -1.07471020606043
"45.6.9" -0.984707207902932 -0.964244432068878 -0.972600679334072 -0.981213613969785
"94.10.9" -1.20421627728526 -1.16029334913495 -1.16864959640015 -1.17726253103586
"66.8.10" -0.981353910267345 -0.961236053983038 -0.969592301248233 -0.978205235883945
"109.10.10" -1.02211696436265 -0.997670363077252 -1.00602661034245 -1.01463954497816
"47.6.11" -1.07405972766862 -1.04405347758508 -1.05240972485027 -1.06102265948598
"54.6.15" -1.00449668127846 -0.981901505839624 -0.990257753104818 -0.99887068774053
