"(Intercept)" "stageNREM" "stageIS" "stageREM" "stageAwakening"
"48.6.1" 1.44833744686545 1.5654001725095 1.56092999563433 1.67154822799002 1.62485978335729
"63.8.2" 1.44557029974255 1.56263302538659 1.55816284851142 1.66878108086711 1.62209263623438
"64.8.3" 1.39388785530638 1.51095058095043 1.50648040407525 1.61709863643095 1.57041019179821
"73.9.3" 1.44976584068399 1.56682856632803 1.56235838945286 1.67297662180855 1.62628817717582
"49.6.4" 1.45325286703908 1.57031559268313 1.56584541580795 1.67646364816365 1.62977520353092
"64.8.4" 1.40034283277004 1.51740555841408 1.51293538153891 1.62355361389461 1.57686516926187
"74.9.4" 1.43478560335888 1.55184832900292 1.54737815212775 1.65799638448344 1.61130793985071
"89.10.4" 1.42929775163365 1.5463604772777 1.54189030040253 1.65250853275822 1.60582008812549
"92.10.4" 1.45720419358036 1.57426691922441 1.56979674234923 1.68041497470493 1.6337265300722
"0.6.5" 1.43091809875529 1.54798082439933 1.54351064752416 1.65412887987985 1.60744043524712
"44.6.5" 1.42550604919208 1.54256877483613 1.53809859796095 1.64871683031665 1.60202838568391
"105.10.5" 1.46119551065044 1.57825823629448 1.57378805941931 1.684406291775 1.63771784714227
"44.6.6" 1.42603251050247 1.54309523614652 1.53862505927134 1.64924329162704 1.60255484699431
"65.8.6" 1.46656841103804 1.58363113668208 1.57916095980691 1.6897791921626 1.64309074752987
"76.9.6" 1.4583051120208 1.57536783766484 1.57089766078967 1.68151589314536 1.63482744851263
"0.6.7" 1.45552498376715 1.5725877094112 1.56811753253602 1.67873576489172 1.63204732025899
"44.6.7" 1.43055577157328 1.54761849721733 1.54314832034215 1.65376655269785 1.60707810806512
"93.10.7" 1.46732422332522 1.58438694896927 1.57991677209409 1.69053500444979 1.64384655981706
"0.6.8" 1.45333826359013 1.57040098923418 1.565930812359 1.6765490447147 1.62986060008196
"45.6.9" 1.45120056251621 1.56826328816026 1.56379311128508 1.67441134364078 1.62772289900805
"94.10.9" 1.40044661024929 1.51750933589333 1.51303915901816 1.62365739137386 1.57696894674112
"66.8.10" 1.46242591017168 1.57948863581573 1.57501845894055 1.68563669129625 1.63894824666352
"109.10.10" 1.4273064019312 1.54436912757525 1.53989895070007 1.65051718305577 1.60382873842304
"47.6.11" 1.45355264413634 1.57061536978038 1.56614519290521 1.6767634252609 1.63007498062817
"54.6.15" 1.45646352024465 1.5735262458887 1.56905606901353 1.67967430136922 1.63298585673649
