"(Intercept)" "stageNREM" "stageIS" "stageREM"
"48.6.1" 1.57451701810278 1.5383846551598 1.51766872532847 1.69765996751459
"73.9.3" 1.57451701815115 1.53838465514884 1.51766872531751 1.69765996750363
"49.6.4" 1.5745170182198 1.53838465514936 1.51766872531803 1.69765996750415
"74.9.4" 1.57451701822563 1.53838465518316 1.51766872535183 1.69765996753796
"89.10.4" 1.57451701821752 1.53838465513613 1.51766872530479 1.69765996749092
"0.6.5" 1.57451701821928 1.53838465514632 1.51766872531498 1.69765996750111
"105.10.5" 1.5745170186482 1.5383846551283 1.51766872529697 1.69765996748309
"0.6.7" 1.57451701782085 1.53838465515234 1.51766872532101 1.69765996750714
"93.10.7" 1.57451701829707 1.53838465514778 1.51766872531645 1.69765996750257
"0.6.8" 1.5745170182186 1.53838465514238 1.51766872531105 1.69765996749717
"45.6.9" 1.57451701821557 1.5383846551248 1.51766872529346 1.69765996747959
"109.10.10" 1.57451701829285 1.53838465512478 1.51766872529345 1.69765996747958
"54.6.15" 1.57451701821494 1.53838465512112 1.51766872528979 1.69765996747592
