"(Intercept)" "stageNREM" "stageIS" "stageREM"
"48.6.1" -1.97564127331792 -2.51205779765285 -2.5999575317505 -3.00684406197918
"63.8.2" -3.14973816488876 -3.70599832618946 -3.79389806028711 -4.2007845905158
"64.8.3" -3.18831415054912 -3.67964008491017 -3.76753981900782 -4.17442634923651
"73.9.3" -2.75863219320659 -2.73666441677629 -2.82456415087394 -3.23145068110263
"49.6.4" -2.7495583820834 -2.73512092804664 -2.82302066214429 -3.22990719237297
"64.8.4" -3.04245040672727 -3.24405562071318 -3.33195535481083 -3.73884188503951
"74.9.4" -2.23626821506628 -3.08375321900107 -3.17165295309872 -3.5785394833274
"89.10.4" -2.49233801680723 -2.56209585874847 -2.64999559284611 -3.0568821230748
"92.10.4" -2.2602674362404 -2.01596908347202 -2.10386881756967 -2.51075534779835
"0.6.5" -3.15336459509859 -3.0349943377127 -3.12289407181035 -3.52978060203904
"44.6.5" -6.38854330704762 -2.58442096697697 -2.67232070107462 -3.0792072313033
"105.10.5" -3.14598278346865 -2.7295529826736 -2.81745271677125 -3.22433924699993
"44.6.6" -2.45874698838887 -2.44460986103689 -2.53250959513454 -2.93939612536323
"65.8.6" -3.05075945028866 -3.28641514249791 -3.37431487659556 -3.78120140682425
"76.9.6" -2.72985172361684 -3.85022537471508 -3.93812510881273 -4.34501163904142
"0.6.7" -3.23374358418921 -3.16513386298073 -3.25303359707838 -3.65992012730707
"44.6.7" -1.68576165816169 -3.11422097023191 -3.20212070432956 -3.60900723455825
"93.10.7" -2.98069259448741 -2.36859706489391 -2.45649679899156 -2.86338332922024
"0.6.8" -2.19919208725859 -2.82996052402663 -2.91786025812427 -3.32474678835296
"45.6.9" -2.85851468439757 -3.14563051029978 -3.23353024439743 -3.64041677462611
"94.10.9" -3.03119519242432 -3.18667651420892 -3.27457624830656 -3.68146277853525
"66.8.10" -3.37523154318873 -3.10906466960544 -3.19696440370308 -3.60385093393177
"109.10.10" -3.0789990102911 -3.50072462629777 -3.58862436039542 -3.9955108906241
"47.6.11" -4.64400157956011 -3.3638266012931 -3.45172633539074 -3.85861286561943
"54.6.15" -3.10136626237797 -3.54440877838574 -3.63230851248339 -4.03919504271208
