"(Intercept)" "stageNREM" "stageIS" "stageREM"
"48.6.1" 0.506694520676063 0.626606297592565 0.624299338566792 0.454007621927927
"63.8.2" 0.501922332288835 0.449547068415837 0.447240109390065 0.2769483927512
"64.8.3" 0.559410066287968 0.656857073819772 0.654550114794 0.484258398155134
"73.9.3" 0.541111935003072 0.646432238916719 0.644125279890947 0.473833563252081
"49.6.4" 0.515663557252363 0.6418058516631 0.639498892637328 0.469207175998462
"64.8.4" 0.530641035340051 0.57619583635071 0.573888877324938 0.403597160686072
"74.9.4" 0.543734730074752 0.65604687044173 0.653739911415958 0.483448194777093
"89.10.4" 0.576455771235344 0.599005583747925 0.596698624722153 0.426406908083287
"92.10.4" 0.532621083372877 0.462230884778883 0.459923925753111 0.289632209114245
"0.6.5" 0.523451836793073 0.586075437427208 0.583768478401436 0.41347676176257
"44.6.5" 0.508547439636011 0.647128470848312 0.64482151182254 0.474529795183675
"105.10.5" 0.585374771380273 0.613881427819295 0.611574468793523 0.441282752154657
"44.6.6" 0.522321699075513 0.47835319581483 0.476046236789058 0.305754520150192
"65.8.6" 0.552822859793354 0.72231536855192 0.720008409526148 0.549716692887282
"76.9.6" 0.478122707513982 0.363924532397094 0.361617573371322 0.191325856732456
"0.6.7" 0.51480378392289 0.581222266378311 0.578915307352539 0.408623590713673
"44.6.7" 0.533394708336402 0.614218128836064 0.611911169810292 0.441619453171426
"93.10.7" 0.509429061558459 0.664570028648454 0.662263069622682 0.491971352983816
"0.6.8" 0.513904889157715 0.478619625950761 0.476312666924988 0.306020950286123
"45.6.9" 0.558806602736231 0.72292509702707 0.720618138001298 0.550326421362432
"66.8.10" 0.525213697345021 0.571059999089555 0.568753040063783 0.398461323424917
"109.10.10" 0.556840345568136 0.637473195878283 0.635166236852511 0.464874520213645
"47.6.11" 0.556767457636944 0.623749496122635 0.621442537096863 0.451150820457997
"54.6.15" 0.544599272618178 0.585718422493716 0.583411463467944 0.413119746829079
