"(Intercept)" "stageNREM" "stageIS" "stageREM"
"48.6.1" -1.50142592853653 -0.668219747382583 -0.880447076622687 -1.85192714860246
"63.8.2" -3.53338443823123 -3.51510154687617 -3.72732887611627 -4.69880894809605
"64.8.3" -1.34968849555923 -1.0527297099338 -1.2649570391739 -2.23643711115368
"73.9.3" -1.56617704595087 -0.586669817239433 -0.798897146479537 -1.77037721845931
"49.6.4" -1.97523660159268 -1.36455901057498 -1.57678633981508 -2.54826641179486
"64.8.4" -2.40362965907766 -1.99414994841036 -2.20637727765046 -3.17785734963024
"74.9.4" -1.35917170653035 -0.740790308029349 -0.953017637269453 -1.92449770924923
"89.10.4" -2.55524365727672 -2.02363680925525 -2.23586413849535 -3.20734421047512
"92.10.4" -2.33849739444527 -2.32061509030354 -2.53284241954365 -3.50432249152342
"0.6.5" -2.28682918261845 -2.1432875232921 -2.3555148525322 -3.32699492451198
"105.10.5" -1.53223404008609 -0.634122629100686 -0.84634995834079 -1.81783003032056
"44.6.6" -1.95173848608911 -1.33002483613222 -1.54225216537233 -2.5137322373521
"65.8.6" -1.21583664996175 -0.248501410233938 -0.460728739474042 -1.43220881145382
"76.9.6" -2.91304703560513 -2.5389247736758 -2.7511521029159 -3.72263217489568
"0.6.7" -2.21143396068413 -1.69022048391347 -1.90244781315357 -2.87392788513334
"44.6.7" -2.85729483391247 -2.6887625181721 -2.90098984741221 -3.87246991939198
"93.10.7" -2.06708707329031 -1.32125367096071 -1.53348100020081 -2.50496107218058
"0.6.8" -2.81117466602511 -2.19739649488763 -2.40962382412773 -3.38110389610751
"45.6.9" -0.900657484204565 0.104879828369772 -0.107347500870332 -1.07882757285011
"66.8.10" -1.76532169813642 -1.5233936177869 -1.735620947027 -2.70710101900678
"109.10.10" -1.73401933704357 -0.928052882428183 -1.14028021166829 -2.11176028364806
"47.6.11" -1.59301474509571 -1.19746341380248 -1.40969074304258 -2.38117081502236
"54.6.15" -2.67266783282499 -1.22791573488926 -1.44014306412937 -2.41162313610914
